0,7.852788479721946,3.567286117831328,2.2183250861798736,1.7852372915374621,1.4103251298803676,1.7053319365846942
-7.852788479721946,0,-0.7182162440592901,-0.5989066105911625,-0.23727977119069918,-0.20029070758002687,0.4758406279572437
-3.567286117831328,0.7182162440592901,0,-0.47959697712303484,0.0031884652435962835,-0.027648862086939136,0.7743548459613772
-2.2183250861798736,0.5989066105911625,0.47959697712303484,0,0.4859739076102274,0.19832519543110871,1.1923387869895146
-1.7852372915374621,0.23727977119069918,-0.0031884652435962835,-0.4859739076102274,0,-0.08932351674800998,1.545521226679158
-1.4103251298803676,0.20029070758002687,0.027648862086939136,-0.19832519543110871,0.08932351674800998,0,3.180365970106326
-1.7053319365846942,-0.4758406279572437,-0.7743548459613772,-1.1923387869895146,-1.545521226679158,-3.180365970106326,0
