0,7.409731287471145,3.5963871170072172,2.3556618348508978,1.7761453804947434,1.4683239723223998,1.3040076684760487
-7.409731287471145,0,-0.2169570534567109,-0.17137289145922585,-0.10171658849739067,-0.01702785646478655,0.0828629446770293
-3.5963871170072172,0.2169570534567109,0,-0.1257887294617408,-0.04409635601773054,0.049615209199188236,0.15781794421046436
-2.3556618348508978,0.17137289145922585,0.1257887294617408,0,0.037596017426279715,0.13731717852965275,0.2523535021011994
-1.7761453804947434,0.10171658849739067,0.04409635601773054,-0.037596017426279715,0,0.23703833963302579,0.35973224443865925
-1.4683239723223998,0.01702785646478655,-0.049615209199188236,-0.13731717852965275,-0.23703833963302579,0,0.4824261492442927
-1.3040076684760487,-0.0828629446770293,-0.15781794421046436,-0.2523535021011994,-0.35973224443865925,-0.4824261492442927,0
