0,7.402051600796917,3.323722201663244,2.271421645298266,1.8524328218677864,1.4090971904896432,1.4228993164556263
-7.402051600796917,0,-0.7546071974704294,-0.29389333245105975,0.0025598955580760454,-0.08914141208717519,0.22706885958736808
-3.323722201663244,0.7546071974704294,0,0.16682053256830986,0.38114344207232875,0.13268051637390954,0.47248787385181745
-2.271421645298266,0.29389333245105975,-0.16682053256830986,0,0.5954663515763476,0.11561050827670938,0.5743769876129866
-1.8524328218677864,-0.0025598955580760454,-0.38114344207232875,-0.5954663515763476,0,-0.3642453350229289,0.5638323056313062
-1.4090971904896432,0.08914141208717519,-0.13268051637390954,-0.11561050827670938,0.3642453350229289,0,1.4919099462855412
-1.4228993164556263,-0.22706885958736808,-0.47248787385181745,-0.5743769876129866,-0.5638323056313062,-1.4919099462855412,0
