0,0.20750567115153315,0.20827717353551425,0.2090341040111626,0.20973915304808366,0.21033666060729678,0.2107467485521413
-0.20750567115153315,0,0.20904867591949536,0.2097983204409773,0.21048364701360048,0.21104440797123766,0.21139496403226293
-0.20827717353551425,-0.20904867591949536,0,0.21054796496245926,0.21120113256065307,0.21170965198848513,0.21198153606045483
-0.2090341040111626,-0.2097983204409773,-0.21054796496245926,0,0.21185430015884688,0.21229049550149803,0.21245939309312
-0.20973915304808366,-0.21048364701360048,-0.21120113256065307,-0.21185430015884688,0,0.2127266908441492,0.21276193956025657
-0.21033666060729678,-0.21104440797123766,-0.21170965198848513,-0.21229049550149803,-0.2127266908441492,0,0.21279718827636396
-0.2107467485521413,-0.21139496403226293,-0.21198153606045483,-0.21245939309312,-0.21276193956025657,-0.21279718827636396,0
