0,0.21217705376502774,0.21165006133225892,0.21135374926698236,0.21122149061598944,0.21112943429533543,0.21087222693997099
-0.21217705376502774,0,0.2111230688994901,0.21094209701795968,0.21090296956631002,0.21086752942791234,0.21061126157495963
-0.21165006133225892,-0.2111230688994901,0,0.21076112513642925,0.21079291989971996,0.21078234960405307,0.210483309743827
-0.21135374926698236,-0.21094209701795968,-0.21076112513642925,0,0.21082471466301067,0.210792961837865,0.2103907046129596
-0.21122149061598944,-0.21090296956631002,-0.21079291989971996,-0.21082471466301067,0,0.21076120901271933,0.21017369958793408
-0.21112943429533543,-0.21086752942791234,-0.21078234960405307,-0.210792961837865,-0.21076120901271933,0,0.20958619016314883
-0.21087222693997099,-0.21061126157495963,-0.210483309743827,-0.2103907046129596,-0.21017369958793408,-0.20958619016314883,0
