0,0.20920948292270974,0.20865090716456192,0.2080999618451332,0.20749131974138976,0.20672362427060526,0.2056423848828454
-0.20920948292270974,0,0.2080923314064141,0.20754520130634493,0.20691859868094978,0.2061021596075791,0.20492896527487253
-0.20865090716456192,-0.2080923314064141,0,0.20699807120627578,0.2063317323182176,0.20543876900796745,0.20413812374198714
-0.2080999618451332,-0.20754520130634493,-0.20699807120627578,0,0.20566539343015944,0.2046591179088133,0.2031848079205576
-0.20749131974138976,-0.20691859868094978,-0.2063317323182176,-0.20566539343015944,0,0.20365284238746717,0.20194451516575668
-0.20672362427060526,-0.2061021596075791,-0.20543876900796745,-0.2046591179088133,-0.20365284238746717,0,0.20023618794404618
-0.2056423848828454,-0.20492896527487253,-0.20413812374198714,-0.2031848079205576,-0.20194451516575668,-0.20023618794404618,0
