0,0.21768018604349526,0.21751611351214617,0.21732980208667688,0.2171296714527791,0.21691884843982762,0.21669589703316613
-0.21768018604349526,0,0.21735204098079708,0.2171546101082677,0.21694616658920704,0.21672851403891072,0.21649903923110028
-0.21751611351214617,-0.21735204098079708,0,0.21695717923573832,0.216743229393412,0.2165206717249486,0.2162857887936761
-0.21732980208667688,-0.2171546101082677,-0.21695717923573832,0,0.2165292795510857,0.21630241796955374,0.21606199197965537
-0.2171296714527791,-0.21694616658920704,-0.216743229393412,-0.2165292795510857,0,0.21607555638802178,0.2158283481939402
-0.21691884843982762,-0.21672851403891072,-0.2165206717249486,-0.21630241796955374,-0.21607555638802178,0,0.21558113999985862
-0.21669589703316613,-0.21649903923110028,-0.2162857887936761,-0.21606199197965537,-0.2158283481939402,-0.21558113999985862,0
