0,1.2967974090662333,1.2808973027974633,1.231439405803405,1.142244925091502,1.0695855734202744,1.4228993164556263
-1.2967974090662333,0,1.2649971965286932,1.198760404171991,1.0907274304332584,1.0127826145087846,1.448119697933505
-1.2808973027974633,-1.2649971965286932,0,1.1325236118152886,1.003592547385541,0.928711087168815,1.493900323284708
-1.231439405803405,-1.198760404171991,-1.1325236118152886,0,0.8746614829557933,0.8268048248455782,1.6143592271078475
-1.142244925091502,-1.0907274304332584,-1.003592547385541,-0.8746614829557933,0,0.778948166735363,1.9842080991838746
-1.0695855734202744,-1.0127826145087846,-0.928711087168815,-0.8268048248455782,-0.778948166735363,0,3.1894680316323862
-1.4228993164556263,-1.448119697933505,-1.493900323284708,-1.6143592271078475,-1.9842080991838746,-3.1894680316323862,0
