0,1.3273464382955642,1.349747451129907,1.3369865844293898,1.2733303731788024,1.2249534788844805,1.8404869726207487
-1.3273464382955642,0,1.3721484639642498,1.3418066574963026,1.2553250181398818,1.1993552390317097,1.9431150794857857
-1.349747451129907,-1.3721484639642498,0,1.3114648510283553,1.1969132952276977,1.1417574973875295,2.0858567333661693
-1.3369865844293898,-1.3418066574963026,-1.3114648510283553,0,1.0823617394270402,1.0569038205671166,2.3439873608121076
-1.2733303731788024,-1.2553250181398818,-1.1969132952276977,-1.0823617394270402,0,1.031445901707193,2.9748001715046413
-1.2249534788844805,-1.1993552390317097,-1.1417574973875295,-1.0569038205671166,-1.031445901707193,0,4.9181544413020895
-1.8404869726207487,-1.9431150794857857,-2.0858567333661693,-2.3439873608121076,-2.9748001715046413,-4.9181544413020895,0
