0,3.2574342373909717,3.1729319933667033,2.9444523487678893,2.322663556879523,1.830905461431394,1.3428522738946993
-3.2574342373909717,0,3.088429749342435,2.787961404456348,2.011073330042373,1.4742732674414996,0.9599358811954447
-3.1729319933667033,-3.088429749342435,0,2.4874930595702613,1.4723951203923424,0.9362211068078544,0.4278124141586972
-2.9444523487678893,-2.787961404456348,-2.4874930595702613,0,0.45729718121442353,0.160585130426651,-0.25874780097849087
-2.322663556879523,-2.011073330042373,-1.4723951203923424,-0.45729718121442353,0,-0.1361269203611215,-0.616770292074948
-1.830905461431394,-1.4742732674414996,-0.9362211068078544,-0.160585130426651,0.1361269203611215,0,-1.0974136637887746
-1.3428522738946993,-0.9599358811954447,-0.4278124141586972,0.25874780097849087,0.616770292074948,1.0974136637887746,0
