0,3.209047778719225,3.1960729577829117,2.8403535534809095,2.298945055161213,1.9668171751465138,1.8946599491200071
-3.209047778719225,0,3.1830981368465983,2.6560064408617516,1.9955774806418758,1.656259524253336,1.6317823832001637
-3.1960729577829117,-3.1830981368465983,0,2.128914744876905,1.4018171525395147,1.1473133200555818,1.2439534447885547
-2.8403535534809095,-2.6560064408617516,-2.128914744876905,0,0.6747195602021243,0.6565126076449204,0.9489663447591047
-2.298945055161213,-1.9955774806418758,-1.4018171525395147,-0.6747195602021243,0,0.6383056550877164,1.0860897370375948
-1.9668171751465138,-1.656259524253336,-1.1473133200555818,-0.6565126076449204,-0.6383056550877164,0,1.5338738189874732
-1.8946599491200071,-1.6317823832001637,-1.2439534447885547,-0.9489663447591047,-1.0860897370375948,-1.5338738189874732,0
