0,3.2072620268588627,3.141514138393151,2.9591486522342847,2.303640651602351,1.880639446137104,1.9363809967713426
-3.2072620268588627,0,3.0757662499274394,2.8350919649219954,2.002433526516847,1.5489838009566645,1.6822047907538384
-3.141514138393151,-3.0757662499274394,0,2.5944176799165515,1.4657671648115507,1.0400563179664062,1.3338144259604383
-2.9591486522342847,-2.8350919649219954,-2.5944176799165515,0,0.33711664970654986,0.26287563699133365,0.9136133413084006
-2.303640651602351,-2.002433526516847,-1.4657671648115507,-0.33711664970654986,0,0.18863462427611744,1.201861687109326
-1.880639446137104,-1.5489838009566645,-1.0400563179664062,-0.26287563699133365,-0.18863462427611744,0,2.2150887499425345
-1.9363809967713426,-1.6822047907538384,-1.3338144259604383,-0.9136133413084006,-1.201861687109326,-2.2150887499425345,0
