0,0.44653615995832996,0.44659790404153793,0.4466356100272375,0.4466454483795614,0.4465664528647437,0.44620827487305387
-0.44653615995832996,0,0.4466596481247459,0.4466853350616913,0.4466818778533052,0.44657402609134716,0.44614269785599864
-0.44659790404153793,-0.4466596481247459,0,0.44671102199863666,0.44669299271758484,0.44654548541354755,0.44601346028881184
-0.4466356100272375,-0.4466853350616913,-0.44671102199863666,0,0.446674963436533,0.44646271712100305,0.4457809397188703
-0.4466454483795614,-0.4466818778533052,-0.44669299271758484,-0.446674963436533,0,0.4462504708054731,0.4453339278600389
-0.4465664528647437,-0.44657402609134716,-0.44654548541354755,-0.44646271712100305,-0.4462504708054731,0,0.4444173849146047
-0.44620827487305387,-0.44614269785599864,-0.44601346028881184,-0.4457809397188703,-0.4453339278600389,-0.4444173849146047,0
