0,0.44618291210748195,0.44618632638098255,0.4461334198561952,0.44598628801608964,0.44565840989713096,0.44496982364245463
-0.44618291210748195,0,0.44618974065448314,0.4461086737305518,0.44592074665229225,0.44552728434454325,0.4447272059494492
-0.44618632638098255,-0.44618974065448314,0,0.44602760680662046,0.44578624965119673,0.44530646557456327,0.4443615722731907
-0.4461334198561952,-0.4461086737305518,-0.44602760680662046,0,0.445544892495773,0.44494589495853465,0.44380622742871406
-0.44598628801608964,-0.44592074665229225,-0.44578624965119673,-0.445544892495773,0,0.4443468974212963,0.4429368948951846
-0.44565840989713096,-0.44552728434454325,-0.44530646557456327,-0.44494589495853465,-0.4443468974212963,0,0.44152689236907294
-0.44496982364245463,-0.4447272059494492,-0.4443615722731907,-0.44380622742871406,-0.4429368948951846,-0.44152689236907294,0
