0,0.4450482839312633,0.44500267151751693,0.4448863784413159,0.44469724081574136,0.4444784379465478,0.44436496155077104
-0.4450482839312633,0,0.4449570591037706,0.4448054256963422,0.4445802264439007,0.44433597645036893,0.4442282970746726
-0.44500267151751693,-0.4449570591037706,0,0.4446537922889138,0.4443918101139658,0.44412894889923504,0.4440461065673981
-0.4448863784413159,-0.4448054256963422,-0.4446537922889138,0,0.4441298279390178,0.4438665272043957,0.44384354466022624
-0.44469724081574136,-0.4445802264439007,-0.4443918101139658,-0.4441298279390178,0,0.44360322646977357,0.44370040302083047
-0.4444784379465478,-0.44433597645036893,-0.44412894889923504,-0.4438665272043957,-0.44360322646977357,0,0.44379757957188737
-0.44436496155077104,-0.4442282970746726,-0.4440461065673981,-0.44384354466022624,-0.44370040302083047,-0.44379757957188737,0
