0,1.0,1.8617606331538796e-07,3.5891984338362494e-08,3.9769308020091995e-09,4.0626488290339944e-08,8.141014173547506e-08,1.3195424825593231e-08,6.9314620294551e-09,9.891005497061619e-10,2.6293236763074294e-09,2.232975152222291e-09,1.2731798150459374e-07,2.7916579817669735e-09,1.0991291193999523e-07,6.401822697462871e-09,4.341753958022566e-08
1.0,0,-0.29371859706952624,-0.6232946794547229,-0.6920189637530378,-0.7063652999604927,-0.7047357021355474,-0.6991232077309117,-0.6927378899366899,-0.6872511123817212,-0.679928672737779,-0.6734015752250402,-0.6717251163454591,-0.6676180997472897,-0.6657281886801847,-0.6566051075306939,-0.6793638678554879
1.8617606331538796e-07,-0.29371859706952624,0,-1.7301069096142192,-1.4155904931377719,-1.2186768359178834,-1.085648968935578,-0.994352279403487,-0.9290690146703767,-0.8824396116220059,-0.840918121510823,-0.8082301689671159,-0.792012816808999,-0.7726748592616387,-0.760747733049651,-0.7337383170237672,-0.7800499494959168
3.5891984338362494e-08,-0.6232946794547229,-1.7301069096142192,0,-0.5603815665488807,-0.4847388119118728,-0.44490436742574935,-0.4303644138444743,-0.42638626026197063,-0.43059255808788266,-0.4242607245854775,-0.42181979950766624,-0.4396203498923426,-0.44284022878229634,-0.45325919611625115,-0.4332398973670818,-0.5330893378348207
3.9769308020091995e-09,-0.6920189637530378,-1.4155904931377719,-0.5603815665488807,0,-0.3605675203805203,-0.34990691645154365,-0.36223325529144107,-0.37685691886065475,-0.39642395305965605,-0.39308538716420716,-0.3945978021085412,-0.4259503766080169,-0.43250753991653546,-0.4490412761595789,-0.4202835825436123,-0.5645260532820104
4.0626488290339944e-08,-0.7063652999604927,-1.2186768359178834,-0.4847388119118728,-0.3605675203805203,0,-0.33459552811288584,-0.3689797862871505,-0.3925918423125801,-0.4205276892828961,-0.4089410864595894,-0.4079009433132652,-0.4525146422067244,-0.4581244922212491,-0.4785074529231601,-0.4345222989030568,-0.633289219902477
8.141014173547506e-08,-0.7047357021355474,-1.085648968935578,-0.44490436742574935,-0.34990691645154365,-0.33459552811288584,0,-0.41567117913012763,-0.43295076895420814,-0.4645439609696723,-0.43080293271056785,-0.4233255630752359,-0.4870064367319304,-0.48896537524310313,-0.5132589433058945,-0.44697732923412203,-0.7184573803161607
1.3195424825593231e-08,-0.6991232077309117,-0.994352279403487,-0.4303644138444743,-0.36223325529144107,-0.3689797862871505,-0.41567117913012763,0,-0.4556740777805592,-0.5023699975958853,-0.42705571166833095,-0.41630253177680654,-0.5156322051179792,-0.5122402393642028,-0.5427502317807923,-0.44511219185815337,-0.8174852260913372
6.9314620294551e-09,-0.6927378899366899,-0.9290690146703767,-0.42638626026197063,-0.37685691886065475,-0.3925918423125801,-0.43295076895420814,-0.4556740777805592,0,-0.5624036422660748,-0.38167165427227717,-0.38414375386503125,-0.5522010126809225,-0.5372146349496464,-0.5759920859321962,-0.4315406898327165,-0.9466523245965822
9.891005497061619e-10,-0.6872511123817212,-0.8824396116220059,-0.43059255808788266,-0.39642395305965605,-0.4205276892828961,-0.4645439609696723,-0.5023699975958853,-0.5624036422660748,0,-0.16003448285744168,-0.30615455806925235,-0.6215569491813092,-0.5745733067410347,-0.6221979867079799,-0.4035180912966271,-1.127248575928489
2.6293236763074294e-09,-0.679928672737779,-0.840918121510823,-0.4242607245854775,-0.39308538716420716,-0.4089410864595894,-0.43080293271056785,-0.42705571166833095,-0.38167165427227717,-0.16003448285744168,0,-0.480226830525215,-0.9548935867038805,-0.7273182956623275,-0.7488864380094,-0.3869607958415053,-1.4262462503011686
2.232975152222291e-09,-0.6734015752250402,-0.8082301689671159,-0.42181979950766624,-0.3945978021085412,-0.4079009433132652,-0.4233255630752359,-0.41630253177680654,-0.38414375386503125,-0.30615455806925235,-0.480226830525215,0,-1.5586359070958384,-0.7463346284409206,-0.773852489524029,-0.2009001525036554,-1.787715539820062
1.2731798150459374e-07,-0.6717251163454591,-0.792012816808999,-0.4396203498923426,-0.4259503766080169,-0.4525146422067244,-0.4870064367319304,-0.5156322051179792,-0.5522010126809225,-0.6215569491813092,-0.9548935867038805,-1.5586359070958384,0,0.2360041537558781,-0.4464208721197562,0.328395864303795,-2.2644314957239233
2.7916579817669735e-09,-0.6676180997472897,-0.7726748592616387,-0.44284022878229634,-0.43250753991653546,-0.4581244922212491,-0.48896537524310313,-0.5122402393642028,-0.5372146349496464,-0.5745733067410347,-0.7273182956623275,-0.7463346284409206,0.2360041537558781,0,-1.2397021400724573,0.656144624228746,-3.724991380882709
1.0991291193999523e-07,-0.6657281886801847,-0.760747733049651,-0.45325919611625115,-0.4490412761595789,-0.4785074529231601,-0.5132589433058945,-0.5427502317807923,-0.5759920859321962,-0.6221979867079799,-0.7488864380094,-0.773852489524029,-0.4464208721197562,-1.2397021400724573,0,2.6200079704631256,-6.629758193096191
6.401822697462871e-09,-0.6566051075306939,-0.7337383170237672,-0.4332398973670818,-0.4202835825436123,-0.4345222989030568,-0.44697732923412203,-0.44511219185815337,-0.4315406898327165,-0.4035180912966271,-0.3869607958415053,-0.2009001525036554,0.328395864303795,0.656144624228746,2.6200079704631256,0,0
4.341753958022566e-08,-0.6793638678554879,-0.7800499494959168,-0.5330893378348207,-0.5645260532820104,-0.633289219902477,-0.7184573803161607,-0.8174852260913372,-0.9466523245965822,-1.127248575928489,-1.4262462503011686,-1.787715539820062,-2.2644314957239233,-3.724991380882709,-6.629758193096191,0,0
