0,-6.547312234547357e-08,-0.09500951991800889,-0.22029162486278162,-0.24713839348800004,-0.2479309591678208,-0.24053392626572856,-0.2309968284927968,-0.22122035488154834,-0.21209027083797058,-0.20285200772304382,-0.19434956331676656,-0.1878500380796067,-0.18110524587416832,-0.1754599290748045,-0.16805504487419257,-0.17019683787070236
-6.547312234547357e-08,0,-0.2035902174367616,-0.3814793062935759,-0.3747607287114722,-0.3451072541059255,-0.31425818296312336,-0.28703316565644826,-0.2637075289289446,-0.24413975774961527,-0.22614421345347524,-0.21054968895230314,-0.1990091494787492,-0.18765634738765644,-0.17846156282890768,-0.16683832696553924,-0.17018113769508186
-0.09500951991800889,-0.2035902174367616,0,-0.7014979851454123,-0.5129015822390108,-0.3958397359762889,-0.3177967170650227,-0.2645112964537965,-0.22663406267372602,-0.19929163984418916,-0.17648916190191552,-0.15864216559163286,-0.14738107730733568,-0.13626740699660037,-0.12812096383750562,-0.1165418705018337,-0.12482452141766877
-0.22029162486278162,-0.3814793062935759,-0.7014979851454123,0,-0.1612117304285586,-0.12410958989183322,-0.10305969945748458,-0.09166886043715579,-0.08444979517046403,-0.08008861708834497,-0.07401138722507238,-0.0694890269607589,-0.069613050407971,-0.06691538771387817,-0.0658993602979807,-0.05933433624120317,-0.07505650663787775
-0.24713839348800004,-0.3747607287114722,-0.5129015822390108,-0.1612117304285586,0,-0.08045831698626721,-0.07119057078892109,-0.06822529722806984,-0.06628690707402672,-0.06568197561057883,-0.061145689867633905,-0.058066693956273965,-0.06043963361978793,-0.058597796133399986,-0.05859754179526313,-0.05158313575084688,-0.07147096248571237
-0.2479309591678208,-0.3451072541059255,-0.3958397359762889,-0.12410958989183322,-0.08045831698626721,0,-0.06100397758183575,-0.062475961052448355,-0.06218658084972303,-0.06283658041833594,-0.057387103564106146,-0.05423545396336954,-0.05818505369166606,-0.05627186979061596,-0.056668074274840226,-0.048321095092481246,-0.07290188941870203
-0.24053392626572856,-0.31425818296312336,-0.3177967170650227,-0.10305969945748458,-0.07119057078892109,-0.06100397758183575,0,-0.0640759948475067,-0.06252864594723057,-0.06338290308530602,-0.05521529211482349,-0.05151574175582599,-0.05750918966678531,-0.05517033627670121,-0.05588757044346191,-0.04559606199236306,-0.07617480285256112
-0.2309968284927968,-0.28703316565644826,-0.2645112964537965,-0.09166886043715579,-0.06822529722806984,-0.062475961052448355,-0.0640759948475067,0,-0.060846794188933406,-0.06342998336362067,-0.0506390930314909,-0.04701188374961039,-0.05670386342026661,-0.053788761426134035,-0.055027224199692935,-0.042124942377239905,-0.08074856358991664
-0.22122035488154834,-0.2637075289289446,-0.22663406267372602,-0.08444979517046403,-0.06628690707402672,-0.06218658084972303,-0.06252864594723057,-0.060846794188933406,0,-0.066241608250306,-0.04223819086933582,-0.040717476137079676,-0.0571321579203857,-0.05297420075699797,-0.05483643138834985,-0.03814356631105454,-0.08776382293777255
-0.21209027083797058,-0.24413975774961527,-0.19929163984418916,-0.08008861708834497,-0.06568197561057883,-0.06283658041833594,-0.06338290308530602,-0.06342998336362067,-0.066241608250306,0,-0.016861315636893904,-0.03101487788345019,-0.06100135547451503,-0.053542483697380544,-0.05594161755129419,-0.033393134685127376,-0.09858470468034115
-0.20285200772304382,-0.22614421345347524,-0.17648916190191552,-0.07401138722507238,-0.061145689867633905,-0.057387103564106146,-0.05521529211482349,-0.0506390930314909,-0.04223819086933582,-0.016861315636893904,0,-0.04577050556421933,-0.08799939114365686,-0.0635595954005308,-0.06328428290860377,-0.029651763582199703,-0.11762974306740517
-0.19434956331676656,-0.21054968895230314,-0.15864216559163286,-0.0694890269607589,-0.058066693956273965,-0.05423545396336954,-0.05151574175582599,-0.04701188374961039,-0.040717476137079676,-0.03101487788345019,-0.04577050556421933,0,-0.13561905650189016,-0.06140812394351392,-0.06202141701334932,-0.013506895032575239,-0.14017634252848116
-0.1878500380796067,-0.1990091494787492,-0.14738107730733568,-0.069613050407971,-0.06043963361978793,-0.05818505369166606,-0.05750918966678531,-0.05670386342026661,-0.0571321579203857,-0.06100135547451503,-0.08799939114365686,-0.13561905650189016,0,0.01889041148882331,-0.03515611409459359,0.025647971840668075,-0.17032105392178523
-0.18110524587416832,-0.18765634738765644,-0.13626740699660037,-0.06691538771387817,-0.058597796133399986,-0.05627186979061596,-0.05517033627670121,-0.053788761426134035,-0.05297420075699797,-0.053542483697380544,-0.0635595954005308,-0.06140812394351392,0.01889041148882331,0,-0.09187181167539925,0.04857187093018138,-0.26598517758365475
-0.1754599290748045,-0.17846156282890768,-0.12812096383750562,-0.0658993602979807,-0.05859754179526313,-0.056668074274840226,-0.05588757044346191,-0.055027224199692935,-0.05483643138834985,-0.05594161755129419,-0.06328428290860377,-0.06202141701334932,-0.03515611409459359,-0.09187181167539925,0,0.18076187320095044,-0.4525567081189235
-0.16805504487419257,-0.16683832696553924,-0.1165418705018337,-0.05933433624120317,-0.05158313575084688,-0.048321095092481246,-0.04559606199236306,-0.042124942377239905,-0.03814356631105454,-0.033393134685127376,-0.029651763582199703,-0.013506895032575239,0.025647971840668075,0.04857187093018138,0.18076187320095044,0,-2.513076630002685
-0.17019683787070236,-0.17018113769508186,-0.12482452141766877,-0.07505650663787775,-0.07147096248571237,-0.07290188941870203,-0.07617480285256112,-0.08074856358991664,-0.08776382293777255,-0.09858470468034115,-0.11762974306740517,-0.14017634252848116,-0.17032105392178523,-0.26598517758365475,-0.4525567081189235,-2.513076630002685,0
