0,-6.547312234547357e-08,-0.08576201744387003,-0.2140358879341406,-0.24297894987579965,-0.24746320960483706,-0.24100041076394813,-0.2315672549230012,-0.22129865554684808,-0.21195699958567943,-0.20261780197469986,-0.1949827637007503,-0.18837307120922148,-0.18112823487434782,-0.1749887093298122,-0.16729575967563864,-0.15718924274019097
-6.547312234547357e-08,0,-0.18244378251345028,-0.37059219278413486,-0.3686726941215416,-0.34604153261643444,-0.3169833310443759,-0.2899597130932352,-0.2657429923618583,-0.24571028219684876,-0.22743418494867967,-0.21311617321520676,-0.2012850950748142,-0.18902278460946753,-0.17895013751246605,-0.16678774146892977,-0.1512298073776312
-0.08576201744387003,-0.18244378251345028,0,-0.7044277743667271,-0.5206148549546491,-0.4150396423784109,-0.33572952016388663,-0.27872467264449297,-0.23622257424451362,-0.2061613057136932,-0.18160365425713865,-0.16487078409696931,-0.15238734492265013,-0.13938180399937503,-0.12970175132150352,-0.11721876209918342,-0.10081588652806797
-0.2140358879341406,-0.37059219278413486,-0.7044277743667271,0,-0.17388055265223215,-0.15239590089264457,-0.1192359904797107,-0.09967273651516882,-0.08639706311921996,-0.08004075550166546,-0.07322692712074615,-0.07132450852430011,-0.07052773489166683,-0.06611470902310876,-0.06388970990547235,-0.05688701381948325,-0.04470041315103188
-0.24297894987579965,-0.3686726941215416,-0.5206148549546491,-0.17388055265223215,0,-0.12611560474562095,-0.0827060395492843,-0.06866484498513056,-0.06063320524637988,-0.059681317298031306,-0.05577707582330851,-0.05720161866930812,-0.05891028375724833,-0.05534198452066874,-0.054249195122280935,-0.047071401429992936,-0.033735212002722115
-0.24746320960483706,-0.34604153261643444,-0.4150396423784109,-0.15239590089264457,-0.12611560474562095,0,-0.03435086482969041,-0.041705490947971866,-0.042267280832123,-0.04787943586033153,-0.04615269181588707,-0.05056872260146728,-0.05424945135402616,-0.050622421814364216,-0.05007781723581322,-0.041930067466772254,-0.026569103266778527
-0.24100041076394813,-0.3169833310443759,-0.33572952016388663,-0.1192359904797107,-0.0827060395492843,-0.03435086482969041,0,-0.049482423917874246,-0.04534271411458411,-0.05254261948244705,-0.048278360777200935,-0.05370638623397223,-0.057800412342098,-0.052316270725509845,-0.051293420603298064,-0.04093006837161156,-0.02227399954678796
-0.2315672549230012,-0.2899597130932352,-0.27872467264449297,-0.09967273651516882,-0.06866484498513056,-0.041705490947971866,-0.049482423917874246,0,-0.04094549973697839,-0.05622495218517886,-0.04782951577064693,-0.055867433745536564,-0.06087126688075052,-0.05275637534958746,-0.05132856185940201,-0.038165784484261,-0.015500297473868212
-0.22129865554684808,-0.2657429923618583,-0.23622257424451362,-0.08639706311921996,-0.06063320524637988,-0.042267280832123,-0.04534271411458411,-0.04094549973697839,0,-0.07270433138135958,-0.047373855358967536,-0.0600996395488962,-0.06581033457015338,-0.0530288404175201,-0.05104667106243138,-0.03401897554550648,-0.006282976237837289
-0.21195699958567943,-0.24571028219684876,-0.2061613057136932,-0.08004075550166546,-0.059681317298031306,-0.04787943586033153,-0.05254261948244705,-0.05622495218517886,-0.07270433138135958,0,-0.020413276403214383,-0.05996324332687963,-0.06893974186696969,-0.049114773807501205,-0.047603668451159785,-0.025854293633031905,0.007724942181871654
-0.20261780197469986,-0.22743418494867967,-0.18160365425713865,-0.07322692712074615,-0.05577707582330851,-0.04615269181588707,-0.048278360777200935,-0.04782951577064693,-0.047373855358967536,-0.020413276403214383,0,-0.10287850656141398,-0.09092691721769598,-0.04910008309112599,-0.04690221392872996,-0.017118017970165142,0.0244015301413977
-0.1949827637007503,-0.21311617321520676,-0.16487078409696931,-0.07132450852430011,-0.05720161866930812,-0.05056872260146728,-0.05370638623397223,-0.055867433745536564,-0.0600996395488962,-0.05996324332687963,-0.10287850656141398,0,-0.07744322987065791,-0.013592470590978976,-0.02788135488536574,0.00711642912452294,0.05408586456537438
-0.18837307120922148,-0.2012850950748142,-0.15238734492265013,-0.07052773489166683,-0.05891028375724833,-0.05424945135402616,-0.057800412342098,-0.06087126688075052,-0.06581033457015338,-0.06893974186696969,-0.09092691721769598,-0.07744322987065791,0,0.05138885189105636,-0.015737030461676505,0.030820760128853635,0.08530844409066694
-0.18112823487434782,-0.18902278460946753,-0.13938180399937503,-0.06611470902310876,-0.05534198452066874,-0.050622421814364216,-0.052316270725509845,-0.05275637534958746,-0.0530288404175201,-0.049114773807501205,-0.04910008309112599,-0.013592470590978976,0.05138885189105636,0,-0.08433656337795613,0.039622117032029405,0.11421339247788767
-0.1749887093298122,-0.17895013751246605,-0.12970175132150352,-0.06388970990547235,-0.054249195122280935,-0.05007781723581322,-0.051293420603298064,-0.05132856185940201,-0.05104667106243138,-0.047603668451159785,-0.04690221392872996,-0.02788135488536574,-0.015737030461676505,-0.08433656337795613,0,0.15756208830906715,0.19008087752574773
-0.16729575967563864,-0.16678774146892977,-0.11721876209918342,-0.05688701381948325,-0.047071401429992936,-0.041930067466772254,-0.04093006837161156,-0.038165784484261,-0.03401897554550648,-0.025854293633031905,-0.017118017970165142,0.00711642912452294,0.030820760128853635,0.039622117032029405,0.15756208830906715,0,0.21537733406949278
-0.15718924274019097,-0.1512298073776312,-0.10081588652806797,-0.04470041315103188,-0.033735212002722115,-0.026569103266778527,-0.02227399954678796,-0.015500297473868212,-0.006282976237837289,0.007724942181871654,0.0244015301413977,0.05408586456537438,0.08530844409066694,0.11421339247788767,0.19008087752574773,0.21537733406949278,0
