0,1.0,2.5908238409216085e-08,8.386425666707873e-09,9.530188603908763e-10,4.499817592600428e-09,6.03921928118336e-08,2.773818083412299e-08,5.572134774340135e-09,1.981555022223116e-08,7.113128181820745e-08,7.70142696484776e-08,1.3773690439972642e-08,5.192090533240383e-08,5.592538659151031e-09,8.463066252907313e-09,2.77372317137652e-09
1.0,0,8.63908225057046e-09,-0.4628426014257897,-0.6060560411046186,-0.6554276572194472,-0.672830631132474,-0.6785142146885962,-0.6780725677445142,-0.67957365025093,-0.6783434177721898,-0.6763054220105937,-0.673975008392573,-0.6736228026027391,-0.665767916522543,-0.6414130866460627,-0.6601767848617875
2.5908238409216085e-08,8.63908225057046e-09,0,-1.8964959085385173,-1.7028475708243322,-1.521504225377423,-1.3778788910838777,-1.2684700515206924,-1.1804757899461182,-1.1220298815758742,-1.0715394126972513,-1.0295552641912498,-0.9944020866682541,-0.9697418397888092,-0.9308766460005805,-0.8559194613659783,-0.8870316176163656
8.386425666707873e-09,-0.4628426014257897,-1.8964959085385173,0,-1.10044759833266,-0.8473421986135019,-0.7030965413883347,-0.6225675046479472,-0.5667205600249543,-0.5557657796169988,-0.5406950951123536,-0.5290949499098967,-0.5205769634104067,-0.5239028680757146,-0.49395552221194927,-0.3956979428013219,-0.4903468630108598
9.530188603908763e-10,-0.6060560411046186,-1.7028475708243322,-1.10044759833266,0,-0.3856940809391338,-0.3392936489634885,-0.3338174229898423,-0.3244752905281291,-0.367464586896428,-0.3812943574968009,-0.39018044807237556,-0.3973564708368024,-0.41816668702819965,-0.3850921569581818,-0.2507241927236744,-0.4032064037937814
4.499817592600428e-09,-0.6554276572194472,-1.521504225377423,-0.8473421986135019,-0.3856940809391338,0,-0.27288195817096444,-0.3030762794698186,-0.299700173925201,-0.3799489858240897,-0.39879775727431777,-0.408765323534217,-0.41618124193395034,-0.44365292944695583,-0.3930070833068008,-0.20252129960613582,-0.4190150721927341
6.03921928118336e-08,-0.672830631132474,-1.3778788910838777,-0.7030965413883347,-0.3392936489634885,-0.27288195817096444,0,-0.3434813100380254,-0.3116161648072656,-0.4466049447342918,-0.4553993251002471,-0.4560118075944872,-0.4568804449744023,-0.4894706699805922,-0.4101797781756577,-0.14114626646575434,-0.44549539392538917
2.773818083412299e-08,-0.6785142146885962,-1.2684700515206924,-0.6225675046479472,-0.3338174229898423,-0.3030762794698186,-0.3434813100380254,0,-0.27068391190347846,-0.5544136424882057,-0.522243630516265,-0.5006721581260171,-0.48991512230170575,-0.5307147735017295,-0.4091059446336461,-0.03186697289796849,-0.46468625373459876
5.572134774340135e-09,-0.6780725677445142,-1.1804757899461182,-0.5667205600249543,-0.3244752905281291,-0.299700173925201,-0.3116161648072656,-0.27068391190347846,0,-0.9232069150160418,-0.63028455699417,-0.544399584118765,-0.5120353027725956,-0.5677951168553845,-0.3817087522320387,0.14602375197295864,-0.4795122953998003
1.981555022223116e-08,-0.67957365025093,-1.1220298815758742,-0.5557657796169988,-0.367464586896428,-0.3799489858240897,-0.4466049447342918,-0.5544136424882057,-0.9232069150160418,0,-0.2581405931378496,-0.3348843088652721,-0.37661218999978807,-0.5110102837766402,-0.25025801997496316,0.46775658984292334,-0.4608567869321518
7.113128181820745e-08,-0.6783434177721898,-1.0715394126972513,-0.5406950951123536,-0.3812943574968009,-0.39879775727431777,-0.4553993251002471,-0.522243630516265,-0.63028455699417,-0.2581405931378496,0,-0.4266344577769527,-0.4445625785712533,-0.6359586986545288,-0.18897447098391806,0.8324747415592505,-0.5446701140082024
7.70142696484776e-08,-0.6763054220105937,-1.0295552641912498,-0.5290949499098967,-0.39018044807237556,-0.408765323534217,-0.4560118075944872,-0.5006721581260171,-0.544399584118765,-0.3348843088652721,-0.4266344577769527,0,-0.46592704732399803,-0.8041141586534373,0.010295541052944092,1.4523417867698716,-0.6742104570674158
1.3773690439972642e-08,-0.673975008392573,-0.9944020866682541,-0.5205769634104067,-0.3973564708368024,-0.41618124193395034,-0.4568804449744023,-0.48991512230170575,-0.5120353027725956,-0.37661218999978807,-0.4445625785712533,-0.46592704732399803,0,-1.2181423428466864,0.5268044620881865,2.467485814711092,-0.9564084330293195
5.192090533240383e-08,-0.6736228026027391,-0.9697418397888092,-0.5239028680757146,-0.41816668702819965,-0.44365292944695583,-0.4894706699805922,-0.5307147735017295,-0.5677951168553845,-0.5110102837766402,-0.6359586986545288,-0.8041141586534373,-1.2181423428466864,0,2.3619653019809257,4.131304419472504,-1.663946522255714
5.592538659151031e-09,-0.665767916522543,-0.9308766460005805,-0.49395552221194927,-0.3850921569581818,-0.3930070833068008,-0.4101797781756577,-0.4091059446336461,-0.3817087522320387,-0.25025801997496316,-0.18897447098391806,0.010295541052944092,0.5268044620881865,2.3619653019809257,0,5.458247894245617,-4.839036685848138
8.463066252907313e-09,-0.6414130866460627,-0.8559194613659783,-0.3956979428013219,-0.2507241927236744,-0.20252129960613582,-0.14114626646575434,-0.03186697289796849,0.14602375197295864,0.46775658984292334,0.8324747415592505,1.4523417867698716,2.467485814711092,4.131304419472504,5.458247894245617,0,0
2.77372317137652e-09,-0.6601767848617875,-0.8870316176163656,-0.4903468630108598,-0.4032064037937814,-0.4190150721927341,-0.44549539392538917,-0.46468625373459876,-0.4795122953998003,-0.4608567869321518,-0.5446701140082024,-0.6742104570674158,-0.9564084330293195,-1.663946522255714,-4.839036685848138,0,0
