0,-6.547312234547357e-08,1.9698026741831836e-08,-0.1784836874011175,-0.21956513612568307,-0.22899411552326274,-0.22677774699365502,-0.22080772988026126,-0.21309405362065353,-0.20514112607807972,-0.19707587985451308,-0.18932989878276346,-0.18244761035184484,-0.1778490654981449,-0.1734663864723261,-0.1719066009615673,-0.1665561171287536
-6.547312234547357e-08,0,-2.8942345256940264e-08,-0.31927251962456094,-0.3416434181100755,-0.3282404831161505,-0.3067365694267128,-0.2856297427132126,-0.26564694992279303,-0.24777184505694036,-0.2313657317256717,-0.21659478228580706,-0.20398419083330951,-0.19552145207875232,-0.1878187660157925,-0.1847472385834779,-0.17611933111364378
1.9698026741831836e-08,-2.8942345256940264e-08,0,-0.8656724933394884,-0.6406603182834844,-0.5072427986309406,-0.41418381208727817,-0.3479064122246213,-0.2972542556858649,-0.2584319204499569,-0.22709588469956996,-0.2018053680287799,-0.18228290420387583,-0.1707204242404397,-0.16076156040330325,-0.15804790572005484,-0.14675156093104905
-0.1784836874011175,-0.31927251962456094,-0.8656724933394884,0,-0.1578861078292012,-0.13608647040516364,-0.1142649414789892,-0.10142655426801539,-0.09042904864472347,-0.08257212841230373,-0.07542968774071906,-0.0696573165508042,-0.06626455679432403,-0.06847075670703115,-0.06908337431417333,-0.07550648059569046,-0.06997709288864387
-0.21956513612568307,-0.3416434181100755,-0.6406603182834844,-0.1578861078292012,0,-0.10999311998504524,-0.08737522272704779,-0.07943305759818192,-0.07118912633749028,-0.06595974228040453,-0.06056048601248381,-0.05630964032086696,-0.054599947913598935,-0.05939015017444805,-0.0614998406603561,-0.0703090010791178,-0.06420427711979249
-0.22899411552326274,-0.3282404831161505,-0.5072427986309406,-0.13608647040516364,-0.10999311998504524,0,-0.06199459329528864,-0.06458741925946458,-0.05871723346941856,-0.055769447673393195,-0.051422445523073367,-0.04814568077704978,-0.04779079174615983,-0.05520767647118229,-0.058534997698439506,-0.06977294866375737,-0.06241947246349635
-0.22677774699365502,-0.3067365694267128,-0.41418381208727817,-0.1142649414789892,-0.08737522272704779,-0.06199459329528864,0,-0.06741391071074793,-0.055359626864609816,-0.052381923513305804,-0.04735514557321245,-0.04410990153967206,-0.04471400159974719,-0.054991196588398995,-0.059241504575195045,-0.07310848587091154,-0.06361508157855861
-0.22080772988026126,-0.2856297427132126,-0.3479064122246213,-0.10142655426801539,-0.07943305759818192,-0.06458741925946458,-0.06741391071074793,0,-0.04238743891036872,-0.04576576860434028,-0.0411872213604067,-0.03887611790926434,-0.041360719658860984,-0.055849830396961765,-0.061155208833183206,-0.07837023586018008,-0.06571963714665756
-0.21309405362065353,-0.26564694992279303,-0.2972542556858649,-0.09042904864472347,-0.07118912633749028,-0.05871723346941856,-0.055359626864609816,-0.04238743891036872,0,-0.0493571205029137,-0.0391334594559673,-0.036572896554076174,-0.041032841376460606,-0.061020601104898015,-0.0667984067038586,-0.08800259542983149,-0.07021745723346853
-0.20514112607807972,-0.24777184505694036,-0.2584319204499569,-0.08257212841230373,-0.06595974228040453,-0.055769447673393195,-0.052381923513305804,-0.04576576860434028,-0.0493571205029137,0,-0.02836497875317223,-0.031099379635832654,-0.040618318204980304,-0.06959093833055756,-0.07509329061998711,-0.10161668917599907,-0.07559704536195203
-0.19707587985451308,-0.2313657317256717,-0.22709588469956996,-0.07542968774071906,-0.06056048601248381,-0.051422445523073367,-0.04735514557321245,-0.0411872213604067,-0.0391334594559673,-0.02836497875317223,0,-0.033949726487837235,-0.04835092208571398,-0.08975166973145988,-0.09069375156982347,-0.12374613385839667,-0.08307798668129797
-0.18932989878276346,-0.21659478228580706,-0.2018053680287799,-0.0696573165508042,-0.05630964032086696,-0.04814568077704978,-0.04410990153967206,-0.03887611790926434,-0.036572896554076174,-0.031099379635832654,-0.033949726487837235,0,-0.06371886394330928,-0.1266279979768114,-0.11139348163649444,-0.15425078816553214,-0.08688639561759004
-0.18244761035184484,-0.20398419083330951,-0.18228290420387583,-0.06626455679432403,-0.054599947913598935,-0.04779079174615983,-0.04471400159974719,-0.041360719658860984,-0.041032841376460606,-0.040618318204980304,-0.04835092208571398,-0.06371886394330928,0,-0.20158229380153087,-0.1259283645468957,-0.1906237588565107,-0.0731495079391323
-0.1778490654981449,-0.19552145207875232,-0.1707204242404397,-0.06847075670703115,-0.05939015017444805,-0.05520767647118229,-0.054991196588398995,-0.055849830396961765,-0.061020601104898015,-0.06959093833055756,-0.08975166973145988,-0.1266279979768114,-0.20158229380153087,0,-0.037007982901956275,-0.21135301546591553,-0.0072543695249595065
-0.1734663864723261,-0.1878187660157925,-0.16076156040330325,-0.06908337431417333,-0.0614998406603561,-0.058534997698439506,-0.059241504575195045,-0.061155208833183206,-0.0667984067038586,-0.07509329061998711,-0.09069375156982347,-0.11139348163649444,-0.1259283645468957,-0.037007982901956275,0,-0.45019804446349937,0.08840244970999991
-0.1719066009615673,-0.1847472385834779,-0.15804790572005484,-0.07550648059569046,-0.0703090010791178,-0.06977294866375737,-0.07310848587091154,-0.07837023586018008,-0.08800259542983149,-0.10161668917599907,-0.12374613385839667,-0.15425078816553214,-0.1906237588565107,-0.21135301546591553,-0.45019804446349937,0,0.5795389210884053
-0.1665561171287536,-0.17611933111364378,-0.14675156093104905,-0.06997709288864387,-0.06420427711979249,-0.06241947246349635,-0.06361508157855861,-0.06571963714665756,-0.07021745723346853,-0.07559704536195203,-0.08307798668129797,-0.08688639561759004,-0.0731495079391323,-0.0072543695249595065,0.08840244970999991,0.5795389210884053,0
