0,1.0,2.5908238409216085e-08,4.136807588044147e-09,1.9394537210769022e-08,4.1440787979976484e-08,3.261279644468273e-08,1.4422881810082653e-08,1.0724780682294103e-08,4.669006128438934e-09,1.8392877140827088e-08,1.213495057302213e-08,5.292403062423516e-08,1.1361218315583459e-08,3.2137133002428498e-09,2.5513230811114547e-08,6.932102131491579e-09
1.0,0,8.63908225057046e-09,-0.5001404228330855,-0.6322846017396931,-0.667494216587882,-0.6792783226143436,-0.6859401495731768,-0.6848561176905019,-0.6812756443566561,-0.6778346523352875,-0.6745310421985762,-0.6706027501206985,-0.6652986004513638,-0.6611054589537901,-0.6344339203576365,-0.6528283123468777
2.5908238409216085e-08,8.63908225057046e-09,0,-2.1196992358461615,-1.816286003470517,-1.5612342160391564,-1.3896715778158606,-1.2790027471488943,-1.1867039504298509,-1.1128070559555034,-1.0559205048053866,-1.0106651740751382,-0.9717394104483039,-0.9352167843166778,-0.9059654169585905,-0.825687553067215,-0.8571462554854593
4.136807588044147e-09,-0.5001404228330855,-2.1196992358461615,0,-0.8555282377712403,-0.5798578846933896,-0.4981554090838394,-0.4916865450870801,-0.46629065787477814,-0.4472788092024685,-0.4400498240753665,-0.4377981759448484,-0.4340283482923638,-0.4248391818959033,-0.4217773150524976,-0.32192944637448,-0.42084739452796777
1.9394537210769022e-08,-0.6322846017396931,-1.816286003470517,-0.8555282377712403,0,-0.11733214070502068,-0.22497329091826632,-0.3289547368363838,-0.33508674033270547,-0.3359181450315303,-0.347229806481108,-0.3597978314511403,-0.3655700710004478,-0.3606009859117361,-0.36344637195610996,-0.22393494039085568,-0.3755800377357085
4.1440787979976484e-08,-0.667494216587882,-1.5612342160391564,-0.5798578846933896,-0.11733214070502068,0,-0.3748196329317749,-0.49176066707882354,-0.43305274435079144,-0.4023165429461786,-0.40306227216662055,-0.41046090545679376,-0.40998028277127996,-0.39587262666713785,-0.3951453643463969,-0.19504732833443705,-0.4075317896459082
3.261279644468273e-08,-0.6792783226143436,-1.3896715778158606,-0.4981554090838394,-0.22497329091826632,-0.3748196329317749,0,-0.6551540218131408,-0.43673433283308716,-0.3805507323922582,-0.3891802617020033,-0.4044740276153909,-0.40507613455807745,-0.3854504903948732,-0.38610884984976707,-0.10834574137443706,-0.4100503875591816
1.4422881810082653e-08,-0.6859401495731768,-1.2790027471488943,-0.4916865450870801,-0.3289547368363838,-0.49176066707882354,-0.6551540218131408,0,-0.15001804081211892,-0.2247647920660389,-0.3098386508247127,-0.36138866593095054,-0.3740615219853489,-0.35241161007568605,-0.35973492713939986,0.021115525924889245,-0.4076054088835125
1.0724780682294103e-08,-0.6848561176905019,-1.1867039504298509,-0.46629065787477814,-0.33508674033270547,-0.43305274435079144,-0.43673433283308716,-0.15001804081211892,0,-0.3165315733173765,-0.417014272659594,-0.45545887912007166,-0.4429400979766294,-0.39136073717864706,-0.3928196629389892,0.14662680885123633,-0.4575112636424629
4.669006128438934e-09,-0.6812756443566561,-1.1128070559555034,-0.4472788092024685,-0.3359181450315303,-0.4023165429461786,-0.3805507323922582,-0.2247647920660389,-0.3165315733173765,0,-0.5410890249998085,-0.534258842095925,-0.4774005673877417,-0.38467677896309654,-0.3887590200839671,0.3781073598912374,-0.49972533392188917
1.8392877140827088e-08,-0.6778346523352875,-1.0559205048053866,-0.4400498240753665,-0.347229806481108,-0.40306227216662055,-0.3891802617020033,-0.3098386508247127,-0.417014272659594,-0.5410890249998085,0,-0.5258768348389367,-0.42610646652318157,-0.2964913119772756,-0.3346443504495416,0.762365165539955,-0.5526827278137347
1.213495057302213e-08,-0.6745310421985762,-1.0106651740751382,-0.4377981759448484,-0.3597978314511403,-0.41046090545679376,-0.4044740276153909,-0.36138866593095054,-0.45545887912007166,-0.534258842095925,-0.5258768348389367,0,-0.3075346857837986,-0.14946707736455822,-0.2803830306142637,1.3361326914568934,-0.6903726726484068
5.292403062423516e-08,-0.6706027501206985,-0.9717394104483039,-0.4340283482923638,-0.3655700710004478,-0.40998028277127996,-0.40507613455807745,-0.3740615219853489,-0.4429400979766294,-0.4774005673877417,-0.42610646652318157,-0.3075346857837986,0,0.03011162597334156,-0.3190356185294814,2.2201769249094245,-1.0368596380215727
1.1361218315583459e-08,-0.6652986004513638,-0.9352167843166778,-0.4248391818959033,-0.3606009859117361,-0.39587262666713785,-0.3854504903948732,-0.35241161007568605,-0.39136073717864706,-0.38467677896309654,-0.2964913119772756,-0.14946707736455822,0.03011162597334156,0,-0.7191534208146323,3.7861956937479393,-1.8627315551040016
3.2137133002428498e-09,-0.6611054589537901,-0.9059654169585905,-0.4217773150524976,-0.36344637195610996,-0.3951453643463969,-0.38610884984976707,-0.35973492713939986,-0.3928196629389892,-0.3887590200839671,-0.3346443504495416,-0.2803830306142637,-0.3190356185294814,-0.7191534208146323,0,7.373534908645246,-4.005956221074209
2.5513230811114547e-08,-0.6344339203576365,-0.825687553067215,-0.32192944637448,-0.22393494039085568,-0.19504732833443705,-0.10834574137443706,0.021115525924889245,0.14662680885123633,0.3781073598912374,0.762365165539955,1.3361326914568934,2.2201769249094245,3.7861956937479393,7.373534908645246,0,0
6.932102131491579e-09,-0.6528283123468777,-0.8571462554854593,-0.42084739452796777,-0.3755800377357085,-0.4075317896459082,-0.4100503875591816,-0.4076054088835125,-0.4575112636424629,-0.49972533392188917,-0.5526827278137347,-0.6903726726484068,-1.0368596380215727,-1.8627315551040016,-4.005956221074209,0,0
