0,-6.547312234547357e-08,1.9698026741831836e-08,-0.17765826641834487,-0.22550912890775573,-0.23310751801453425,-0.23017915890578936,-0.2248380171808776,-0.21698060079115888,-0.20865236779979912,-0.20082631007423782,-0.19353111624522093,-0.18651317437392534,-0.17950162797325256,-0.17321108614694303,-0.16023475293796405,-0.16119612345605658
-6.547312234547357e-08,0,-2.8942345256940264e-08,-0.31769397594570936,-0.35234592894631855,-0.3355898054798871,-0.31269641278088317,-0.29243618174874036,-0.272076706081861,-0.2534510668989955,-0.2372649195643824,-0.2230535258219792,-0.2100812420186392,-0.19770229627965552,-0.18688605962738597,-0.16591031545967616,-0.1670742087280579
1.9698026741831836e-08,-2.8942345256940264e-08,0,-0.8594640798191568,-0.6723015491178153,-0.5276437253547154,-0.42844089603489827,-0.36177763473054253,-0.308509055736516,-0.2667626674605419,-0.23478329896362773,-0.2096451537244124,-0.18879893614524174,-0.17044344521406593,-0.15573019767612198,-0.12681011119018146,-0.13191891552065946
-0.17765826641834487,-0.31769397594570936,-0.8594640798191568,0,-0.24612013648304903,-0.1463133122930779,-0.11357755846691367,-0.10415824140282562,-0.09135092779894452,-0.08159747853472574,-0.07555958507969834,-0.07122430085289827,-0.06702639832057898,-0.06217081799599518,-0.05893376550116531,-0.037987987019249346,-0.05457019052527746
-0.22550912890775573,-0.35234592894631855,-0.6723015491178153,-0.24612013648304903,0,-0.02618191056021752,-0.04659807495238938,-0.0635621421508972,-0.059673354533015,-0.05569377229676091,-0.05428545114064373,-0.053377664109914506,-0.05151635190696471,-0.04815498091268698,-0.04639842298286361,-0.02285034330879257,-0.04491527228921503
-0.23310751801453425,-0.3355898054798871,-0.5276437253547154,-0.1463133122930779,-0.02618191056021752,0,-0.06833769899305947,-0.08374604942130692,-0.06806159971511026,-0.059064349220496755,-0.05605381794570317,-0.05437306580788986,-0.05172563688031714,-0.04741094193708836,-0.0453549756250109,-0.016635505836604527,-0.04424085306422773
-0.23017915890578936,-0.31269641278088317,-0.42844089603489827,-0.11357755846691367,-0.04659807495238938,-0.06833769899305947,0,-0.10099243785405838,-0.062156231369024054,-0.05089367349584067,-0.049637527328880306,-0.04931983966254034,-0.047122456302726386,-0.04258918364699593,-0.040971514482030284,-0.00616694175710247,-0.041619828200463706
-0.2248380171808776,-0.29243618174874036,-0.36177763473054253,-0.10415824140282562,-0.0635621421508972,-0.08374604942130692,-0.10099243785405838,0,-0.02003211790841522,-0.028492531763606763,-0.03746600152242595,-0.041651552820526926,-0.04103251346150005,-0.036654774243149266,-0.03595818895852096,0.006692094904588664,-0.03938978353526923
-0.21698060079115888,-0.272076706081861,-0.308509055736516,-0.09135092779894452,-0.059673354533015,-0.06806159971511026,-0.062156231369024054,-0.02003211790841522,0,-0.03728204958641094,-1.5264799922477705,-0.04877083531566611,-0.04516886646063712,-0.03784952734842351,-0.03660462277013971,0.018274752299267984,-0.04170361682988249
-0.20865236779979912,-0.2534510668989955,-0.2667626674605419,-0.08159747853472574,-0.05569377229676091,-0.059064349220496755,-0.05089367349584067,-0.028492531763606763,-0.03728204958641094,0,-0.05700941869077113,-0.05368847408933082,-0.04571745852664919,-0.03493293725790965,-0.03416469900554653,0.03732101344923996,-0.04359219262778115
-0.20082631007423782,-0.2372649195643824,-0.23478329896362773,-0.07555958507969834,-0.05428545114064373,-0.05605381794570317,-0.049637527328880306,-0.03746600152242595,-1.5264799922477705,-0.05700941869077113,0,-0.05012141568342815,-0.038740140394105727,-0.025543161191411565,-0.0281243334716017,0.06647040287599666,-0.04664209641553055
-0.19353111624522093,-0.2230535258219792,-0.2096451537244124,-0.07122430085289827,-0.053377664109914506,-0.05437306580788986,-0.04931983966254034,-0.041651552820526926,-0.04877083531566611,-0.05368847408933082,-0.05012141568342815,0,-0.02675901648212134,-0.012293007774757933,-0.022779078045234734,0.10749063796667675,-0.05609639524562806
-0.18651317437392534,-0.2100812420186392,-0.18879893614524174,-0.06702639832057898,-0.05151635190696471,-0.05172563688031714,-0.047122456302726386,-0.04103251346150005,-0.04516886646063712,-0.04571745852664919,-0.038740140394105727,-0.02675901648212134,0,0.0024102160753603622,-0.024972201464185783,0.16804296845897224,-0.08004882277840797
-0.17950162797325256,-0.19770229627965552,-0.17044344521406593,-0.06217081799599518,-0.04815498091268698,-0.04741094193708836,-0.04258918364699593,-0.036654774243149266,-0.03784952734842351,-0.03493293725790965,-0.025543161191411565,-0.012293007774757933,0.0024102160753603622,0,-0.05329500168398568,0.2723343588832058,-0.13580687246790257
-0.17321108614694303,-0.18688605962738597,-0.15573019767612198,-0.05893376550116531,-0.04639842298286361,-0.0453549756250109,-0.040971514482030284,-0.03595818895852096,-0.03660462277013971,-0.03416469900554653,-0.0281243334716017,-0.022779078045234734,-0.024972201464185783,-0.05329500168398568,0,0.5087213463567117,-0.2769843498692901
-0.16023475293796405,-0.16591031545967616,-0.12681011119018146,-0.037987987019249346,-0.02285034330879257,-0.016635505836604527,-0.00616694175710247,0.006692094904588664,0.018274752299267984,0.03732101344923996,0.06647040287599666,0.10749063796667675,0.16804296845897224,0.2723343588832058,0.5087213463567117,0,-1.840139040084387
-0.16119612345605658,-0.1670742087280579,-0.13191891552065946,-0.05457019052527746,-0.04491527228921503,-0.04424085306422773,-0.041619828200463706,-0.03938978353526923,-0.04170361682988249,-0.04359219262778115,-0.04664209641553055,-0.05609639524562806,-0.08004882277840797,-0.13580687246790257,-0.2769843498692901,-1.840139040084387,0
