0,1.0,2.5908238409216085e-08,6.103514169364886e-08,6.936943802838232e-08,1.605585613669172e-09,1.8630963012269336e-08,7.50340739432865e-08,1.339142816051039e-07,9.638087491028092e-08,1.747900126982751e-08,1.1513380185849e-09,1.4281533976481348e-08,2.478685318605664e-08,5.4653979964207565e-08,1.4805252188606438e-09,6.665876077096529e-10
1.0,0,8.63908225057046e-09,-0.5118590735690783,-0.6312103130309163,-0.6770880556235332,-0.6847487642436274,-0.687847297619993,-0.6857050274078901,-0.6845163089408771,-0.6828210725600388,-0.6785945780258643,-0.675449837104362,-0.675991016115496,-0.6624247886718162,-0.6691231432920858,-0.6928469651919219
2.5908238409216085e-08,8.63908225057046e-09,0,-2.1936379535615047,-1.8119480250812727,-1.5943321853123225,-1.4059089767038828,-1.2823358369766658,-1.1859546350088304,-1.118375097041979,-1.0658894075315555,-1.0178249833116728,-0.9806520293788786,-0.9585887409073692,-0.9057257442738369,-0.906186125826835,-0.9487114600663378
6.103514169364886e-08,-0.5118590735690783,-2.1936379535615047,0,-0.6267461313497334,-0.6072918156309964,-0.47672586932280253,-0.45096061945073695,-0.42952159394625067,-0.4329137578994337,-0.4380466450287927,-0.4315621817760566,-0.4326144114966005,-0.4506573911664268,-0.4035839628751185,-0.4487443672430778,-0.5555712868402388
6.936943802838232e-08,-0.6312103130309163,-1.8119480250812727,-0.6267461313497334,0,-0.5739869768370811,-0.3057400863125623,-0.3296255458072021,-0.3303938866884344,-0.36146313799838314,-0.38455614776799685,-0.3835113570206895,-0.39221381556022644,-0.42448652830445915,-0.35775572833906066,-0.42817689566466927,-0.5824657666934633
1.605585613669172e-09,-0.6770880556235332,-1.5943321853123225,-0.6072918156309964,-0.5739869768370811,0,0.07335852115273776,-0.21099934587457153,-0.26404416411400056,-0.33761919029770127,-0.3804165191769656,-0.3796862686682255,-0.39331087532029196,-0.4400140539644742,-0.3427597744095166,-0.44325085438837536,-0.654063234813268
1.8630963012269336e-08,-0.6847487642436274,-1.4059089767038828,-0.47672586932280253,-0.3057400863125623,0.07335852115273776,0,-0.5847746626237477,-0.4557387314532826,-0.5004342736235377,-0.5167419236373468,-0.47978026036929877,-0.47841483579919714,-0.5309908385285284,-0.37808036823124985,-0.5131629191179375,-0.7936919910139775
7.50340739432865e-08,-0.687847297619993,-1.2823358369766658,-0.45096061945073695,-0.3296255458072021,-0.21099934587457153,-0.5847746626237477,0,-0.28559123206647835,-0.47839824792082,-0.5164264819204424,-0.45672672638927636,-0.46092086978692576,-0.5425485324114319,-0.3205146346668991,-0.5193231240421046,-0.9020168980605896
1.339142816051039e-07,-0.6857050274078901,-1.1859546350088304,-0.42952159394625067,-0.3303938866884344,-0.26404416411400056,-0.4557387314532826,-0.28559123206647835,0,-0.7256046804912246,-0.6432770492221732,-0.4838256804907306,-0.48104115317112245,-0.5989095161061877,-0.2623167076308225,-0.5541904928626243,-1.0744503741653222
9.638087491028092e-08,-0.6845163089408771,-1.118375097041979,-0.4329137578994337,-0.36146313799838314,-0.33761919029770127,-0.5004342736235377,-0.47839824792082,-0.7256046804912246,0,-0.5383064084230462,-0.30617548636209374,-0.38346395198106387,-0.6015500431751997,-0.09960728380579412,-0.555687586472011,-1.2757637657735852
1.747900126982751e-08,-0.6828210725600388,-1.0658894075315555,-0.4380466450287927,-0.38455614776799685,-0.3804165191769656,-0.5167419236373468,-0.5164264819204424,-0.6432770492221732,-0.5383064084230462,0,-0.03006074887887749,-0.3476599507299208,-0.7237309946542286,0.09401194860934942,-0.6280938445204721,-1.6290661054035107
1.1513380185849e-09,-0.6785945780258643,-1.0178249833116728,-0.4315621817760566,-0.3835113570206895,-0.3796862686682255,-0.47978026036929877,-0.45672672638927636,-0.4838256804907306,-0.30617548636209374,-0.03006074887887749,0,-0.7221269635236267,-1.182391288527175,0.3838271773959511,-0.8210880858366875,-2.2421743344504184
1.4281533976481348e-08,-0.675449837104362,-0.9806520293788786,-0.4326144114966005,-0.39221381556022644,-0.39331087532029196,-0.47841483579919714,-0.46092086978692576,-0.48104115317112245,-0.38346395198106387,-0.3476599507299208,-0.7221269635236267,0,-1.7709430975873517,1.4547350371971242,-0.9870354584636233,-3.1248929008243667
2.478685318605664e-08,-0.675991016115496,-0.9585887409073692,-0.4506573911664268,-0.42448652830445915,-0.4400140539644742,-0.5309908385285284,-0.5425485324114319,-0.5989095161061877,-0.6015500431751997,-0.7237309946542286,-1.182391288527175,-1.7709430975873517,0,4.574072207885598,-1.530761977255266,-4.8557320978942915
5.4653979964207565e-08,-0.6624247886718162,-0.9057257442738369,-0.4035839628751185,-0.35775572833906066,-0.3427597744095166,-0.37808036823124985,-0.3205146346668991,-0.2623167076308225,-0.09960728380579412,0.09401194860934942,0.3838271773959511,1.4547350371971242,4.574072207885598,0,-9.705039688184739,-13.938707612581574
1.4805252188606438e-09,-0.6691231432920858,-0.906186125826835,-0.4487443672430778,-0.42817689566466927,-0.44325085438837536,-0.5131629191179375,-0.5193231240421046,-0.5541904928626243,-0.555687586472011,-0.6280938445204721,-0.8210880858366875,-0.9870354584636233,-1.530761977255266,-9.705039688184739,0,0
6.665876077096529e-10,-0.6928469651919219,-0.9487114600663378,-0.5555712868402388,-0.5824657666934633,-0.654063234813268,-0.7936919910139775,-0.9020168980605896,-1.0744503741653222,-1.2757637657735852,-1.6290661054035107,-2.2421743344504184,-3.1248929008243667,-4.8557320978942915,-13.938707612581574,0,0
