0,1.0,2.5908238409216085e-08,9.300285452736936e-08,3.405274315115291e-08,5.4563633042014975e-08,8.076461671897229e-09,1.1154966132545392e-08,7.946202583679866e-08,1.8438404355254265e-09,1.0537525254202762e-09,7.38433261666181e-09,5.4970018466731414e-08,1.5918599882834836e-08,9.694060404660292e-08,4.073651650400482e-08,1.3484828782089521e-08
1.0,0,8.63908225057046e-09,-0.47126867142415774,-0.5991988445505773,-0.647145160738738,-0.6669188008690774,-0.6742208031327946,-0.674844579070196,-0.6744347637068983,-0.6709165024595404,-0.6690720892510125,-0.6683942360534991,-0.6679584991780888,-0.6611376344895892,-0.6724590461191927,-0.5768440289541714
2.5908238409216085e-08,8.63908225057046e-09,0,-1.9454180231165,-1.6732349002415723,-1.488622751893678,-1.3550307436912727,-1.2523664744128657,-1.1688465622075515,-1.1061376871599244,-1.0504480749050251,-1.0098033190064195,-0.9795705762714833,-0.9552750045928297,-0.9195165456795025,-0.9303353828477153,-0.689395459239453
9.300285452736936e-08,-0.47126867142415774,-1.9454180231165,0,-0.8508800948527353,-0.7317622514370568,-0.657323419152092,-0.6041054200543887,-0.560498256387292,-0.5395055840766134,-0.5146569330935686,-0.507667201437109,-0.5096422251357539,-0.5134761289777043,-0.48926527823889293,-0.5449124856062697,-0.13263406463683086
3.405274315115291e-08,-0.5991988445505773,-1.6732349002415723,-0.8508800948527353,0,-0.5206097773223224,-0.4796956293127602,-0.4477131270496046,-0.4168134972472292,-0.41655062596241094,-0.4005317364296785,-0.4092069268923156,-0.4269098013886865,-0.4433125513514015,-0.41476654850310846,-0.5043027026270928,0.10870011178423353
5.4563633042014975e-08,-0.647145160738738,-1.488622751893678,-0.7317622514370568,-0.5206097773223224,0,-0.4189328073202956,-0.3908056331066738,-0.35898855128648655,-0.3776857556521587,-0.3620675441254899,-0.38380424721089323,-0.41491685071613305,-0.4407320247304741,-0.4001088436055098,-0.5279148633307365,0.3477332371062412
8.076461671897229e-09,-0.6669188008690774,-1.3550307436912727,-0.657323419152092,-0.4796956293127602,-0.4189328073202956,0,-0.3524593212025706,-0.3142287346135217,-0.36689860218512865,-0.345039191290811,-0.38333854740904366,-0.4298888440677784,-0.46461319103728993,-0.40325777250611006,-0.5803677123012013,0.6587050422851191
1.1154966132545392e-08,-0.6742208031327946,-1.2523664744128657,-0.6041054200543887,-0.4477131270496046,-0.3908056331066738,-0.3524593212025706,0,-0.2650982261927534,-0.39625453783847986,-0.3456711049591197,-0.4065487359367586,-0.4709772294242683,-0.5128526933787222,-0.41635768520083766,-0.660675959599244,1.1058441353349342
7.946202583679866e-08,-0.674844579070196,-1.1688465622075515,-0.560498256387292,-0.4168134972472292,-0.35898855128648655,-0.3142287346135217,-0.2650982261927534,0,-0.562027688621389,-0.36177841029750873,-0.457316613418781,-0.5416118124720416,-0.5855847121844294,-0.42895631067455486,-0.7708279317921521,1.807407601051062
1.8438404355254265e-09,-0.6744347637068983,-1.1061376871599244,-0.5395055840766134,-0.41655062596241094,-0.3776857556521587,-0.36689860218512865,-0.39625453783847986,-0.562027688621389,0,-0.11694511096269314,-0.44937315159991253,-0.5940020906506566,-0.6451274057495917,-0.39442129689454125,-0.8936245491388884,3.041787042183542
1.0537525254202762e-09,-0.6709165024595404,-1.0504480749050251,-0.5146569330935686,-0.4005317364296785,-0.3620675441254899,-0.345039191290811,-0.3456711049591197,-0.36177841029750873,-0.11694511096269314,0,-0.8534689816659914,-0.8689224175341653,-0.8317496880278463,-0.37254059925187005,-1.120607796431961,5.559003815639504
7.38433261666181e-09,-0.6690720892510125,-1.0098033190064195,-0.507667201437109,-0.4092069268923156,-0.38380424721089323,-0.38333854740904366,-0.4065487359367586,-0.457316613418781,-0.44937315159991253,-0.8534689816659914,0,-0.8883070633763507,-0.8063524822706936,-0.0532682293882605,-1.3226219037672522,0
5.4970018466731414e-08,-0.6683942360534991,-0.9795705762714833,-0.5096422251357539,-0.4269098013886865,-0.41491685071613305,-0.4298888440677784,-0.4709772294242683,-0.5416118124720416,-0.5940020906506566,-0.8689224175341653,-0.8883070633763507,0,-0.7062235909653687,0.5840394760982583,-1.770533694316209,0
1.5918599882834836e-08,-0.6679584991780888,-0.9552750045928297,-0.5134761289777043,-0.4433125513514015,-0.4407320247304741,-0.46461319103728993,-0.5128526933787222,-0.5855847121844294,-0.6451274057495917,-0.8317496880278463,-0.8063524822706936,-0.7062235909653687,0,1.9327741517065902,-3.1131167572274836,0
9.694060404660292e-08,-0.6611376344895892,-0.9195165456795025,-0.48926527823889293,-0.41476654850310846,-0.4001088436055098,-0.40325777250611006,-0.41635768520083766,-0.42895631067455486,-0.39442129689454125,-0.37254059925187005,-0.0532682293882605,0.5840394760982583,1.9327741517065902,0,0,0
4.073651650400482e-08,-0.6724590461191927,-0.9303353828477153,-0.5449124856062697,-0.5043027026270928,-0.5279148633307365,-0.5803677123012013,-0.660675959599244,-0.7708279317921521,-0.8936245491388884,-1.120607796431961,-1.3226219037672522,-1.770533694316209,-3.1131167572274836,0,0,0
1.3484828782089521e-08,-0.5768440289541714,-0.689395459239453,-0.13263406463683086,0.10870011178423353,0.3477332371062412,0.6587050422851191,1.1058441353349342,1.807407601051062,3.041787042183542,5.559003815639504,0,0,0,0,0,0
