0,1.3889106222550316,1.3898513359321256,1.3908608255157935,1.3918196155418183,1.3928408120870848,1.381486534551316
-1.3889106222550316,0,1.3907920496092196,1.3918359271461744,1.3927892799707473,1.393823359545098,1.3800017170105732
-1.3898513359321256,-1.3907920496092196,0,1.3928798046831292,1.393787895151511,1.394833796190391,1.3773041338609113
-1.3908608255157935,-1.3918359271461744,-1.3928798046831292,0,1.3946959856198928,1.3958107919440215,1.372112243586839
-1.3918196155418183,-1.3927892799707473,-1.393787895151511,-1.3946959856198928,0,1.39692559826815,1.3608203725703119
-1.3928408120870848,-1.393823359545098,-1.394833796190391,-1.3958107919440215,-1.39692559826815,0,1.3247151468724736
-1.381486534551316,-1.3800017170105732,-1.3773041338609113,-1.372112243586839,-1.3608203725703119,-1.3247151468724736,0
