0,1.3851466667917225,1.384735875307467,1.3845946317577944,1.3849179787125556,1.3890013860927442,1.3909994116837876
-1.3851466667917225,0,1.3843250838232115,1.3843186142408304,1.384841749352833,1.3899650659179996,1.3921699606622007
-1.384735875307467,-1.3843250838232115,0,1.3843121446584492,1.3851000821176442,1.3918450599495955,1.394131179871948
-1.3845946317577944,-1.3843186142408304,-1.3843121446584492,0,1.3858880195768393,1.3956115175951687,1.397404191609781
-1.3849179787125556,-1.384841749352833,-1.3851000821176442,-1.3858880195768393,0,1.405335015613498,1.4031622776262518
-1.3890013860927442,-1.3899650659179996,-1.3918450599495955,-1.3956115175951687,-1.405335015613498,0,1.4009895396390055
-1.3909994116837876,-1.3921699606622007,-1.394131179871948,-1.397404191609781,-1.4031622776262518,-1.4009895396390055,0
