0,1.384056438290263,1.3833000671276503,1.382509522266809,1.3814225527820394,1.3812948458420455,1.3988367289944692
-1.384056438290263,0,1.3825436959650377,1.3817360642550818,1.3805445909459648,1.3806044477299912,1.4017927871353104
-1.3833000671276503,-1.3825436959650377,0,1.3809284325451259,1.3795450384364285,1.3799580316516424,1.4066050599278785
-1.382509522266809,-1.3817360642550818,-1.3809284325451259,0,1.3781616443277311,1.3794728312049007,1.4151639357221295
-1.3814225527820394,-1.3805445909459648,-1.3795450384364285,-1.3781616443277311,0,1.3807840180820703,1.4336650814193286
-1.3812948458420455,-1.3806044477299912,-1.3799580316516424,-1.3794728312049007,-1.3807840180820703,0,1.4865461447565869
-1.3988367289944692,-1.4017927871353104,-1.4066050599278785,-1.4151639357221295,-1.4336650814193286,-1.4865461447565869,0
