0,3.2180384108805224,3.213855790745306,3.2023412435888647,3.1160405734669148,2.6471772749844122,2.4651718766057105
-3.2180384108805224,0,3.209673170610089,3.1944926599430357,3.0820412943290454,2.5044619910103845,2.314598569750748
-3.213855790745306,-3.209673170610089,0,3.179312149275982,3.0182253561885237,2.269391597810483,2.0908299195359126
-3.2023412435888647,-3.1944926599430357,-3.179312149275982,0,2.8571385631010653,1.8144313220777333,1.7280025096225564
-3.1160405734669148,-3.0820412943290454,-3.0182253561885237,-2.8571385631010653,0,0.7717240810544013,1.1634344828833019
-2.6471772749844122,-2.5044619910103845,-2.269391597810483,-1.8144313220777333,-0.7717240810544013,0,1.5551448847122025
-2.4651718766057105,-2.314598569750748,-2.0908299195359126,-1.7280025096225564,-1.1634344828833019,-1.5551448847122025,0
