0,3.2205586170524167,3.217781375811385,3.1795997336941926,3.0047444248768445,2.804618661792099,2.009376177159858
-3.2205586170524167,0,3.2150041345703535,3.1591202920150803,2.9328063608183204,2.7006336729770193,1.7671396891813462
-3.217781375811385,-3.2150041345703535,0,3.103236449459807,2.791707473942304,2.5291768524459077,1.4051735778340944
-3.1795997336941926,-3.1591202920150803,-3.103236449459807,0,2.4801784984248005,2.2421470539389583,0.8391526206255234
-3.0047444248768445,-2.9328063608183204,-2.791707473942304,-2.4801784984248005,0,2.004115609453116,0.018639681725884927
-2.804618661792099,-2.7006336729770193,-2.5291768524459077,-2.2421470539389583,-2.004115609453116,0,-1.9668362460013462
-2.009376177159858,-1.7671396891813462,-1.4051735778340944,-0.8391526206255234,-0.018639681725884927,1.9668362460013462,0
