0,3.21197876626945,3.212978683189364,3.2099560870336004,2.989914645928929,2.592450158165753,2.160829181192598
-3.21197876626945,0,3.213978600109278,3.208944747415676,2.915893272482089,2.4375680061398284,1.9505992641772274
-3.212978683189364,-3.213978600109278,0,3.203910894722074,2.7668506086684945,2.1787644748166786,1.6347544301942147
-3.2099560870336004,-3.208944747415676,-3.203910894722074,0,2.3297903226149153,1.666191264863981,1.111702275351595
-2.989914645928929,-2.915893272482089,-2.7668506086684945,-2.3297903226149153,0,1.0025922071130466,0.502658251719935
-2.592450158165753,-2.4375680061398284,-2.1787644748166786,-1.666191264863981,-1.0025922071130466,0,0.00272429632682325
-2.160829181192598,-1.9505992641772274,-1.6347544301942147,-1.111702275351595,-0.502658251719935,-0.00272429632682325,0
