0,3.2240134133707268,3.2217409478070302,3.2050268343145976,3.136330559859999,2.982480864827684,2.4492706106199735
-3.2240134133707268,0,3.2194684822433337,3.1955335447865325,3.1071029420230896,2.922097727691923,2.2943220500698227
-3.2217409478070302,-3.2194684822433337,0,3.1715986073297318,3.0509201719129675,2.8229741428414528,2.063035442026445
-3.2050268343145976,-3.1955335447865325,-3.1715986073297318,0,2.9302417364962032,2.6486619105973137,1.6935143869253497
-3.136330559859999,-3.1071029420230896,-3.0509201719129675,-2.9302417364962032,0,2.367082084698424,1.0751507121399229
-2.982480864827684,-2.922097727691923,-2.8229741428414528,-2.6486619105973137,-2.367082084698424,0,-0.21678066041857846
-2.4492706106199735,-2.2943220500698227,-2.063035442026445,-1.6935143869253497,-1.0751507121399229,0.21678066041857846,0
