0,3.2266707199798774,3.2313564813200677,3.250502066666256,3.2272942149747714,2.7162629417856095,2.839064397138746
-3.2266707199798774,0,3.236042242660258,3.262417740009446,3.2275020466397364,2.5886609972370427,2.76154313257052
-3.2313564813200677,-3.236042242660258,0,3.2887932373586333,3.223231948629475,2.3728672487626374,2.642918355048085
-3.250502066666256,-3.262417740009446,-3.2887932373586333,0,3.157670659900317,1.9149042544646395,2.4276267276112358
-3.2272942149747714,-3.2275020466397364,-3.223231948629475,-3.157670659900317,0,0.672137849028962,2.0626047614666954
-2.7162629417856095,-2.5886609972370427,-2.3728672487626374,-1.9149042544646395,-0.672137849028962,0,3.4530716739044287
-2.839064397138746,-2.76154313257052,-2.642918355048085,-2.4276267276112358,-2.0626047614666954,-3.4530716739044287,0
