0,1.383739572565107,1.3833913539113454,1.3827015314448214,1.3828975964002004,1.3905990719721761,1.4258168088349266
-1.383739572565107,0,1.3830431352575838,1.3821825108846788,1.3826169376785649,1.3923139468239436,1.4342322560888907
-1.3833913539113454,-1.3830431352575838,0,1.3813218865117736,1.3824038388890554,1.3954042173460632,1.4470295362967174
-1.3827015314448214,-1.3821825108846788,-1.3813218865117736,0,1.3834857912663372,1.4024453827632084,1.468932086225032
-1.3828975964002004,-1.3826169376785649,-1.3824038388890554,-1.3834857912663372,0,1.4214049742600796,1.5116552337043792
-1.3905990719721761,-1.3923139468239436,-1.3954042173460632,-1.4024453827632084,-1.4214049742600796,0,1.6019054931486787
-1.4258168088349266,-1.4342322560888907,-1.4470295362967174,-1.468932086225032,-1.5116552337043792,-1.6019054931486787,0
