0,1.3859622115196768,1.3858055678307772,1.3844842685908023,1.3803421917937295,1.3749808345751429,1.3792232289868247
-1.3859622115196768,0,1.3856489241418777,1.383745297126365,1.3784688518850805,1.3722354903390095,1.3778754324802542
-1.3858055678307772,-1.3856489241418777,0,1.3818416701108522,1.3748788157566818,1.3677643457380533,1.3759320595648483
-1.3844842685908023,-1.383745297126365,-1.3818416701108522,0,1.3679159614025114,1.360725683551654,1.373962189382847
-1.3803421917937295,-1.3784688518850805,-1.3748788157566818,-1.3679159614025114,0,1.3535354057007964,1.376985303373015
-1.3749808345751429,-1.3722354903390095,-1.3677643457380533,-1.360725683551654,-1.3535354057007964,0,1.4004352010452337
-1.3792232289868247,-1.3778754324802542,-1.3759320595648483,-1.373962189382847,-1.376985303373015,-1.4004352010452337,0
