0,1.3835755093732742,1.3830097241750157,1.382152161967521,1.3801849391903585,1.3792513064724257,1.3737956444446613
-1.3835755093732742,0,1.382443938976757,1.3814404882646445,1.3790547491293867,1.3781702557472135,1.3718396714589385
-1.3830097241750157,-1.382443938976757,0,1.3804370375525319,1.3773601542057012,1.3767456946706993,1.369188604579484
-1.382152161967521,-1.3814404882646445,-1.3804370375525319,0,1.3742832708588706,1.3749000232297828,1.3654391269218014
-1.3801849391903585,-1.3790547491293867,-1.3773601542057012,-1.3742832708588706,0,1.375516775600695,1.3610170549532667
-1.3792513064724257,-1.3781702557472135,-1.3767456946706993,-1.3749000232297828,-1.375516775600695,0,1.3465173343058385
-1.3737956444446613,-1.3718396714589385,-1.369188604579484,-1.3654391269218014,-1.3610170549532667,-1.3465173343058385,0
