0,0.7101715021242612,0.7095178075834041,0.7087066728769883,0.7089637796178658,0.7103760097340531,0.7095439286235359
-0.7101715021242612,0,0.708864113042547,0.7079742582533519,0.7085612054490674,0.7104271366365011,0.7094184139233908
-0.7095178075834041,-0.708864113042547,0,0.7070844034641568,0.7084097516523276,0.7109481445011525,0.7095569891436018
-0.7087066728769883,-0.7079742582533519,-0.7070844034641568,0,0.7097350998404983,0.7128800150196504,0.7103811843700835
-0.7089637796178658,-0.7085612054490674,-0.7084097516523276,-0.7097350998404983,0,0.7160249301988024,0.710704226634876
-0.7103760097340531,-0.7104271366365011,-0.7109481445011525,-0.7128800150196504,-0.7160249301988024,0,0.7053835230709495
-0.7095439286235359,-0.7094184139233908,-0.7095569891436018,-0.7103811843700835,-0.710704226634876,-0.7053835230709495,0
