0,0.7132122782984781,0.7133180299447535,0.712564373131328,0.7102040887919718,0.7048618832489052,0.6952873698275862
-0.7132122782984781,0,0.7134237815910288,0.712240420547753,0.7092013589564697,0.702774284486512,0.6917023881334078
-0.7133180299447535,-0.7134237815910288,0,0.7110570595044772,0.7070901476391902,0.6992244521183397,0.6862720397690025
-0.712564373131328,-0.712240420547753,-0.7110570595044772,0,0.7031232357739032,0.693308148425271,0.6780103665238443
-0.7102040887919718,-0.7092013589564697,-0.7070901476391902,-0.7031232357739032,0,0.6834930610766388,0.6654539318988149
-0.7048618832489052,-0.702774284486512,-0.6992244521183397,-0.693308148425271,-0.6834930610766388,0,0.647414802720991
-0.6952873698275862,-0.6917023881334078,-0.6862720397690025,-0.6780103665238443,-0.6654539318988149,-0.647414802720991,0
