0,0.7151897971600037,0.7151808692123461,0.7144890340458562,0.712294778338779,0.7090586825290426,0.7117923913367131
-0.7151897971600037,0,0.7151719412646885,0.7141386524887823,0.7113297720650373,0.7075259038713023,0.7111129101720549
-0.7151808692123461,-0.7151719412646885,0,0.7131053637128761,0.7094086874652118,0.7049772247401735,0.7100981523988965
-0.7144890340458562,-0.7141386524887823,-0.7131053637128761,0,0.7057120112175475,0.7009131552538224,0.7090957486275701
-0.712294778338779,-0.7113297720650373,-0.7094086874652118,-0.7057120112175475,0,0.6961142992900973,0.7107876173325813
-0.7090586825290426,-0.7075259038713023,-0.7049772247401735,-0.7009131552538224,-0.6961142992900973,0,0.7254609353750654
-0.7117923913367131,-0.7111129101720549,-0.7100981523988965,-0.7090957486275701,-0.7107876173325813,-0.7254609353750654,0
