0,0.7259845676252079,0.7259221431770975,0.7254397351151178,0.7238866088690165,0.7202107883911263,0.7151937813947936
-0.7259845676252079,0,0.725859718728987,0.7251673188600728,0.7231872892836192,0.7187673435826059,0.7130356241487108
-0.7259221431770975,-0.725859718728987,0,0.7244749189911586,0.7218510745609354,0.7164032185338122,0.7098296005036417
-0.7254397351151178,-0.7251673188600728,-0.7244749189911586,0,0.7192272301307123,0.712367368305139,0.7049478276744695
-0.7238866088690165,-0.7231872892836192,-0.7218510745609354,-0.7192272301307123,0,0.7055075064795657,0.697808126446348
-0.7202107883911263,-0.7187673435826059,-0.7164032185338122,-0.712367368305139,-0.7055075064795657,0,0.6901087464131304
-0.7151937813947936,-0.7130356241487108,-0.7098296005036417,-0.7049478276744695,-0.697808126446348,-0.6901087464131304,0
