0,6.391743128528846,3.591974025693081,2.245722992802201,1.721400618585251,1.3720471526028322,1.535056728662697
-6.391743128528846,0,0.7922049228573158,0.17271292493887858,0.16461978193738602,0.1171231586213286,0.5637194486894671
-3.591974025693081,-0.7922049228573158,0,-0.44677907297955866,-0.14917278852257887,-0.10790409612400047,0.506598080147505
-2.245722992802201,-0.17271292493887858,0.44677907297955866,0,0.14843349593440092,0.06153339230377863,0.8243904645231929
-1.721400618585251,-0.16461978193738602,0.14917278852257887,-0.14843349593440092,0,-0.02536671132684365,1.1623689488175888
-1.3720471526028322,-0.1171231586213286,0.10790409612400047,-0.06153339230377863,0.02536671132684365,0,2.3501046089620212
-1.535056728662697,-0.5637194486894671,-0.506598080147505,-0.8243904645231929,-1.1623689488175888,-2.3501046089620212,0
