0,6.551013670598861,3.3802426801235503,2.188433656894459,1.68213742071661,1.3707797212382853,2.0715360328073973
-6.551013670598861,0,0.2094716896482396,0.007143650042257921,0.05917867075585962,0.07572123389814123,1.1756405052491044
-3.3802426801235503,-0.2094716896482396,0,-0.19518438956372375,-0.01596783869033036,0.031137748648108438,1.4171827091493205
-2.188433656894459,-0.007143650042257921,0.19518438956372375,0,0.16324871218306303,0.14429881775402453,1.9546384087203352
-1.68213742071661,-0.05917867075585962,0.01596783869033036,-0.16324871218306303,0,0.12534892332498604,2.8503332569889714
-1.3707797212382853,-0.07572123389814123,-0.031137748648108438,-0.14429881775402453,-0.12534892332498604,0,5.575317590652957
-2.0715360328073973,-1.1756405052491044,-1.4171827091493205,-1.9546384087203352,-2.8503332569889714,-5.575317590652957,0
