0,0.210656366610575,0.21066994334461164,0.21067089892862353,0.21065665367668088,0.21062858090015352,0.21059498283063613
-0.210656366610575,0,0.2106835200786483,0.2106781650876478,0.21065674936538284,0.21062163447254817,0.21058270607464835
-0.21066994334461164,-0.2106835200786483,0,0.2106728100966473,0.2106433640087501,0.21060100593718145,0.21055750257364836
-0.21067089892862353,-0.2106781650876478,-0.2106728100966473,0,0.21061391792085293,0.21056510385744853,0.21051906673264872
-0.21065665367668088,-0.21065674936538284,-0.2106433640087501,-0.21061391792085293,0,0.21051628979404413,0.2104716411385466
-0.21062858090015352,-0.21062163447254817,-0.21060100593718145,-0.21056510385744853,-0.21051628979404413,0,0.21042699248304908
-0.21059498283063613,-0.21058270607464835,-0.21055750257364836,-0.21051906673264872,-0.2104716411385466,-0.21042699248304908,0
