0,0.21066465972925166,0.2105145605998511,0.21039000993168808,0.21029014795064482,0.21021147785149524,0.2101476135015117
-0.21066465972925166,0,0.21036446147045054,0.21025268503290628,0.21016531069110922,0.21009818238205613,0.21004420425596373
-0.2105145605998511,-0.21036446147045054,0,0.210140908595362,0.21006573530143854,0.21000942268592468,0.20996413995234203
-0.21039000993168808,-0.21025268503290628,-0.210140908595362,0,0.2099905620075151,0.20994367973120598,0.20990521707133536
-0.21029014795064482,-0.21016531069110922,-0.21006573530143854,-0.2099905620075151,0,0.20989679745489687,0.2098625446032455
-0.21021147785149524,-0.21009818238205613,-0.21000942268592468,-0.20994367973120598,-0.20989679745489687,0,0.20982829175159412
-0.2101476135015117,-0.21004420425596373,-0.20996413995234203,-0.20990521707133536,-0.2098625446032455,-0.20982829175159412,0
