0,0.21102457367297714,0.21106301535664326,0.21112013635875274,0.2111879751666463,0.2112614713176882,0.2113419352334426
-0.21102457367297714,0,0.2111014570403094,0.21116791770164056,0.2112424423312027,0.21132069572886594,0.2114054075455357
-0.21106301535664326,-0.2111014570403094,0,0.2112343783629717,0.21131293497664935,0.2113937752917181,0.21148139517184228
-0.21112013635875274,-0.21116791770164056,-0.2112343783629717,0,0.211391491590327,0.21147347375609132,0.21156373410813248
-0.2111879751666463,-0.2112424423312027,-0.21131293497664935,-0.211391491590327,0,0.21155545592185565,0.21164985536703523
-0.2112614713176882,-0.21132069572886594,-0.2113937752917181,-0.21147347375609132,-0.21155545592185565,0,0.21174425481221482
-0.2113419352334426,-0.2114054075455357,-0.21148139517184228,-0.21156373410813248,-0.21164985536703523,-0.21174425481221482,0
