0,3.2294242645528004,3.1382474248611967,2.986703658858351,2.3268743974597275,1.852382881504446,2.0715360328073973
-3.2294242645528004,0,3.047070585169593,2.8653433560111257,2.0260244417620363,1.5081225357423573,1.8399583864583164
-3.1382474248611967,-3.047070585169593,0,2.683616126852659,1.5155013700582582,0.9951398525999456,1.5381803367804974
-2.986703658858351,-2.8653433560111257,-2.683616126852659,0,0.34738661326385767,0.150901715473589,1.1563684067564435
-2.3268743974597275,-2.0260244417620363,-1.5155013700582582,-0.34738661326385767,0,-0.04558318231667968,1.5608593035027365
-1.852382881504446,-1.5081225357423573,-0.9951398525999456,-0.150901715473589,0.04558318231667968,0,3.1673017893221527
-2.0715360328073973,-1.8399583864583164,-1.5381803367804974,-1.1563684067564435,-1.5608593035027365,-3.1673017893221527,0
