0,3.243979809560474,3.199229411899347,2.756179283644435,2.3168088227805357,2.088496810653763,1.4580194883415682
-3.243979809560474,0,3.1544790142382197,2.512279020686415,2.007751827187223,1.7996260609270853,1.100827424097787
-3.199229411899347,-3.1544790142382197,0,1.8700790271346106,1.4343882336617244,1.3480084098233738,0.5874145265626789
-2.756179283644435,-2.512279020686415,-1.8700790271346106,0,0.9986974401888382,1.0869731011677555,0.15985969303870165
-2.3168088227805357,-2.007751827187223,-1.4343882336617244,-0.9986974401888382,0,1.1752487621466727,-0.2595591805363666
-2.088496810653763,-1.7996260609270853,-1.3480084098233738,-1.0869731011677555,-1.1752487621466727,0,-1.694367123219406
-1.4580194883415682,-1.100827424097787,-0.5874145265626789,-0.15985969303870165,0.2595591805363666,1.694367123219406,0
