0,3.2172133741721085,3.089745975666457,2.8943450945221376,2.407719627395467,1.8457959352390243,1.7404521084706361
-3.2172133741721085,0,2.962278577160806,2.7329109546971524,2.1378883784699196,1.5029415755057534,1.4450998553303416
-3.089745975666457,-2.962278577160806,0,2.503543332233499,1.7256932791244766,1.0164959082874025,1.0658051748727255
-2.8943450945221376,-2.7329109546971524,-2.503543332233499,0,0.9478432260154541,0.2729721963143543,0.5865591224191343
-2.407719627395467,-2.1378883784699196,-1.7256932791244766,-0.9478432260154541,0,-0.4018988333867455,0.4059170706209745
-1.8457959352390243,-1.5029415755057534,-1.0164959082874025,-0.2729721963143543,0.4018988333867455,0,1.2137329746286944
-1.7404521084706361,-1.4450998553303416,-1.0658051748727255,-0.5865591224191343,-0.4059170706209745,-1.2137329746286944,0
