0,3.24063399298857,3.277040683485894,2.81832954729086,2.1403873002489444,1.6980648174628432,1.5417909644352035
-3.24063399298857,0,3.313447373983218,2.607177324442005,1.773638402669069,1.3124225235814113,1.20202235872453
-3.277040683485894,-3.313447373983218,0,1.900907274900792,1.0037339170119948,0.6454142401141425,0.6741661049098582
-2.81832954729086,-2.607177324442005,-1.900907274900792,0,0.1065605591231975,0.017667722720817736,0.2652523815795469
-2.1403873002489444,-1.773638402669069,-1.0037339170119948,-0.1065605591231975,0,-0.07122511368156204,0.3445982928077216
-1.6980648174628432,-1.3124225235814113,-0.6454142401141425,-0.017667722720817736,0.07122511368156204,0,0.7604216992970052
-1.5417909644352035,-1.20202235872453,-0.6741661049098582,-0.2652523815795469,-0.3445982928077216,-0.7604216992970052,0
