0,2.406700606211365,2.3624834238145955,2.3076392163146813,2.2086618555504223,1.7151764375529832,1.959378620600326
-2.406700606211365,0,2.318266241417826,2.2581085213663394,2.1426489386634415,1.542295395388388,1.8699142234781185
-2.3624834238145955,-2.318266241417826,0,2.197950801314853,2.054840287286249,1.2836384467119084,1.7578262189931915
-2.3076392163146813,-2.2581085213663394,-2.197950801314853,0,1.9117297732576448,0.8264822694104361,1.611118024885971
-2.2086618555504223,-2.1426489386634415,-2.054840287286249,-1.9117297732576448,0,-0.2587652344367726,1.460812150700134
-1.7151764375529832,-1.542295395388388,-1.2836384467119084,-0.8264822694104361,0.2587652344367726,0,3.1803895358370404
-1.959378620600326,-1.8699142234781185,-1.7578262189931915,-1.611118024885971,-1.460812150700134,-3.1803895358370404,0
