0,1.3638938041776314,1.37828210170392,1.3728927464125178,1.3230904507106909,1.3265303977474434,2.0715360328073973
-1.3638938041776314,0,1.3926703992302085,1.377392217529961,1.3094893328883774,1.3171895461398964,2.21306447853335
-1.37828210170392,-1.3926703992302085,0,1.3621140358297135,1.2678987997174618,1.2920292617764588,2.4181629983591355
-1.3728927464125178,-1.377392217529961,-1.3621140358297135,0,1.17368356360521,1.2569868747498316,2.7701793192022763
-1.3230904507106909,-1.3094893328883774,-1.2678987997174618,-1.17368356360521,0,1.3402901858944531,3.5684271970008097
-1.3265303977474434,-1.3171895461398964,-1.2920292617764588,-1.2569868747498316,-1.3402901858944531,0,5.796564208107166
-2.0715360328073973,-2.21306447853335,-2.4181629983591355,-2.7701793192022763,-3.5684271970008097,-5.796564208107166,0
