0,1.47565905043265,1.4564608538144854,1.429322715666773,1.3741107887217396,1.3328050188119076,1.8404869726207487
-1.47565905043265,0,1.4372626571963207,1.4061545482838342,1.3402613681514361,1.297091510906722,1.9134525570583683
-1.4564608538144854,-1.4372626571963207,0,1.375046439371348,1.2917607236289939,1.250367795476856,2.03250003202388
-1.429322715666773,-1.4061545482838342,-1.375046439371348,0,1.2084750078866398,1.1880284735296098,2.2516512295747244
-1.3741107887217396,-1.3402613681514361,-1.2917607236289939,-1.2084750078866398,0,1.16758193917258,2.7732393404187667
-1.3328050188119076,-1.297091510906722,-1.250367795476856,-1.1880284735296098,-1.16758193917258,0,4.378896741664954
-1.8404869726207487,-1.9134525570583683,-2.03250003202388,-2.2516512295747244,-2.7732393404187667,-4.378896741664954,0
