0,1.3322961948654364,1.306413648916822,1.266124314398937,1.2450168231324594,1.4014414715907593,1.0729586082894003
-1.3322961948654364,0,1.2805311029682078,1.233038374165687,1.2159236992214673,1.41872779077209,1.021091090974193
-1.306413648916822,-1.2805311029682078,0,1.1855456453631663,1.1836199973480968,1.4647933533733841,0.9562310879756892
-1.266124314398937,-1.233038374165687,-1.1855456453631663,0,1.1816943493330272,1.604417207378493,0.8797929021798635
-1.2450168231324594,-1.2159236992214673,-1.1836199973480968,-1.1816943493330272,0,2.027140065423959,0.7288421786032817
-1.4014414715907593,-1.41872779077209,-1.4647933533733841,-1.604417207378493,-2.027140065423959,0,-0.5694557082173954
-1.0729586082894003,-1.021091090974193,-0.9562310879756892,-0.8797929021798635,-0.7288421786032817,0.5694557082173954,0
