0,1.4260030866651845,1.4372153472485512,1.4443461316282085,1.4564988268479926,1.4530766115352283,1.7053319365846942
-1.4260030866651845,0,1.4484276078319178,1.4535176541097206,1.4666640735755951,1.459844992752739,1.761197706568596
-1.4372153472485512,-1.4484276078319178,0,1.4586077003875233,1.475782306447434,1.4636507877263465,1.8393902312527657
-1.4443461316282085,-1.4535176541097206,-1.4586077003875233,0,1.4929569125073447,1.4661723313957578,1.9663177415411797
-1.4564988268479926,-1.4666640735755951,-1.475782306447434,-1.4929569125073447,0,1.4393877502841708,2.202998156058097
-1.4530766115352283,-1.459844992752739,-1.4636507877263465,-1.4661723313957578,-1.4393877502841708,0,2.9666085618320235
-1.7053319365846942,-1.761197706568596,-1.8393902312527657,-1.9663177415411797,-2.202998156058097,-2.9666085618320235,0
