0,1.3923741389038575,1.3987315023322255,1.3853527589616361,1.3502832437706584,1.3147333667432402,2.0715360328073973
-1.3923741389038575,0,1.4050888657605936,1.3818420689905255,1.3362529453929255,1.2953231737030857,2.207368411588105
-1.3987315023322255,-1.4050888657605936,0,1.3585952722204575,1.3018349852090914,1.2587346096839165,2.407938298044983
-1.3853527589616361,-1.3818420689905255,-1.3585952722204575,0,1.2450746981977252,1.2088042784156459,2.757719306653158
-1.3502832437706584,-1.3362529453929255,-1.3018349852090914,-1.2450746981977252,0,1.1725338586335665,3.5140416108808745
-1.3147333667432402,-1.2953231737030857,-1.2587346096839165,-1.2088042784156459,-1.1725338586335665,0,5.8555493631281825
-2.0715360328073973,-2.207368411588105,-2.407938298044983,-2.757719306653158,-3.5140416108808745,-5.8555493631281825,0
