0,0.4464741201150996,0.4479976685594578,0.4493168312740203,0.4495975912766272,0.44761926461880935,0.44192128712661943
-0.4464741201150996,0,0.4495212170038159,0.45073818685348055,0.4506387483304697,0.44790555074473676,0.44101072052892343
-0.4479976685594578,-0.4495212170038159,0,0.45195515670314523,0.4511975139937966,0.4473669953250437,0.4388830964102003
-0.4493168312740203,-0.45073818685348055,-0.45195515670314523,0,0.45043987128444796,0.44507291463599297,0.43452574297921864
-0.4495975912766272,-0.4506387483304697,-0.4511975139937966,-0.45043987128444796,0,0.439705957987538,0.426568678826604
-0.44761926461880935,-0.44790555074473676,-0.4473669953250437,-0.44507291463599297,-0.439705957987538,0,0.41343139966567
-0.44192128712661943,-0.44101072052892343,-0.4388830964102003,-0.43452574297921864,-0.426568678826604,-0.41343139966567,0
