0,0.4535347304302331,0.45247802966710954,0.45230752998660056,0.45244847916899683,0.45223613522292505,0.4513402668565316
-0.4535347304302331,0,0.45142132890398595,0.4516939297647843,0.4520863954152514,0.451911486421098,0.4509013741417913
-0.45247802966710954,-0.45142132890398595,0,0.45196653062558256,0.4524189286708841,0.4520748722601353,0.4507713854512426
-0.45230752998660056,-0.4516939297647843,-0.45196653062558256,0,0.4528713267161857,0.45212904307741175,0.45037300372646266
-0.45244847916899683,-0.4520863954152514,-0.4524189286708841,-0.4528713267161857,0,0.4513867594386378,0.4491238422316012
-0.45223613522292505,-0.451911486421098,-0.4520748722601353,-0.45212904307741175,-0.4513867594386378,0,0.44686092502456454
-0.4513402668565316,-0.4509013741417913,-0.4507713854512426,-0.45037300372646266,-0.4491238422316012,-0.44686092502456454,0
