0,4.602916571352897,4.608767795126627,4.401468700147521,3.4084536325265224,3.2429697742890418,3.1704818215867014
-4.602916571352897,0,4.614619018900357,4.300744764544833,3.010299319584398,2.9029830750230783,2.8839948716334627
-4.608767795126627,-4.614619018900357,0,3.986870510189309,2.208139469926418,2.3324377603973185,2.4513388348167386
-4.401468700147521,-4.300744764544833,-3.986870510189309,0,0.42940842966352655,1.505221385501323,1.9394949430258819
-3.4084536325265224,-3.010299319584398,-2.208139469926418,-0.42940842966352655,0,2.5810343413391195,2.6945381997070594
-3.2429697742890418,-2.9029830750230783,-2.3324377603973185,-1.505221385501323,-2.5810343413391195,0,2.8080420580749994
-3.1704818215867014,-2.8839948716334627,-2.4513388348167386,-1.9394949430258819,-2.6945381997070594,-2.8080420580749994,0
