0,4.6019875227048725,4.593980536190928,4.62502090169578,3.4146112041935455,2.746734999374972,2.7039093611026908
-4.6019875227048725,0,4.585973549676984,4.636537591191234,3.018819098023103,2.282921868542497,2.3242937287822545
-4.593980536190928,-4.585973549676984,0,4.687101632705485,2.2352418721961627,1.5152379748310014,1.7588737735585722
-4.62502090169578,-4.636537591191234,-4.687101632705485,0,-0.2166178883131593,-0.0706938541062403,0.7827978205096014
-3.4146112041935455,-3.018819098023103,-2.2352418721961627,0.2166178883131593,0,0.07523018010067872,1.2825056749209818
-2.746734999374972,-2.282921868542497,-1.5152379748310014,0.0706938541062403,-0.07523018010067872,0,2.489781169741285
-2.7039093611026908,-2.3242937287822545,-1.7588737735585722,-0.7827978205096014,-1.2825056749209818,-2.489781169741285,0
