0,4.598905484340307,4.615327383581606,4.325806526571292,3.626880595820992,2.854195222467574,2.6412887820461677
-4.598905484340307,0,4.631749282822906,4.189257047686785,3.302872299647887,2.4180176569993908,2.24976544158734
-4.615327383581606,-4.631749282822906,0,3.746764812550664,2.6384338080603777,1.6801071150582192,1.6542694812784484
-4.325806526571292,-4.189257047686785,-3.746764812550664,0,1.5301028035700917,0.6467782663119968,0.9567710375210433
-3.626880595820992,-3.302872299647887,-2.6384338080603777,-1.5301028035700917,0,-0.23654627094609815,0.6701051544965191
-2.854195222467574,-2.4180176569993908,-1.6801071150582192,-0.6467782663119968,0.23654627094609815,0,1.5767565799391363
-2.6412887820461677,-2.24976544158734,-1.6542694812784484,-0.9567710375210433,-0.6701051544965191,-1.5767565799391363,0
