0,4.612071944222501,4.577990682113545,4.213884381315428,3.412780883610297,2.7533309998215447,2.1430132363781267
-4.612071944222501,0,4.543909420004589,4.014790599861892,3.0130171967395625,2.2886457637213056,1.6492014948092517
-4.577990682113545,-4.543909420004589,0,3.485671779719196,2.247571085107049,1.5368912116268778,0.9255245135104175
-4.213884381315428,-4.014790599861892,-3.485671779719196,0,1.0094703904949025,0.5625009275807189,0.07214209144082477
-3.412780883610297,-3.0130171967395625,-2.247571085107049,-1.0094703904949025,0,0.1155314646665353,-0.3965220580862141
-2.7533309998215447,-2.2886457637213056,-1.5368912116268778,-0.5625009275807189,-0.1155314646665353,0,-0.9085755808389635
-2.1430132363781267,-1.6492014948092517,-0.9255245135104175,-0.07214209144082477,0.3965220580862141,0.9085755808389635,0
