0,4.605544331705206,4.603885836953841,4.283015463503481,3.5822471462832675,2.878252229579694,2.199111239853622
-4.605544331705206,0,4.602227342202477,4.121751029402619,3.2411480844759546,2.446429204048316,1.7178246214833055
-4.603885836953841,-4.602227342202477,0,3.6412747166027604,2.5606084556126936,1.727829824663596,0.9967239413035127
-4.283015463503481,-4.121751029402619,-3.6412747166027604,0,1.4799421946226268,0.7711073786940137,0.1152070162037635
-3.5822471462832675,-3.2411480844759546,-2.5606084556126936,-1.4799421946226268,0,0.06227256276540061,-0.5671605730056681
-2.878252229579694,-2.446429204048316,-1.727829824663596,-0.7711073786940137,-0.06227256276540061,0,-1.1965937087767369
-2.199111239853622,-1.7178246214833055,-0.9967239413035127,-0.1152070162037635,0.5671605730056681,1.1965937087767369,0
