0,4.626104107992888,4.6185223991537,4.427982796732309,3.476282241668373,2.915148486348374,2.7292964814245457
-4.626104107992888,0,4.610940690314512,4.328922141102019,3.0930082862268677,2.4874095809372454,2.3499349561108773
-4.6185223991537,-4.610940690314512,0,4.046903591889526,2.3340420841830465,1.7795658778114898,1.7846835225599684
-4.427982796732309,-4.328922141102019,-4.046903591889526,0,0.6211805764765668,0.6458970207724715,1.0306101661167826
-3.476282241668373,-3.0930082862268677,-2.3340420841830465,-0.6211805764765668,0,0.6706134650683762,1.2353249609368904
-2.915148486348374,-2.4874095809372454,-1.7795658778114898,-0.6458970207724715,-0.6706134650683762,0,1.8000364568054046
-2.7292964814245457,-2.3499349561108773,-1.7846835225599684,-1.0306101661167826,-1.2353249609368904,-1.8000364568054046,0
