0,4.602197498405289,4.559299517673908,4.405147429447161,3.570534107897056,2.759007774698204,2.2933800373163877
-4.602197498405289,0,4.516401536942528,4.306622394968097,3.2266463110609784,2.2982103437714327,1.8316165450986077
-4.559299517673908,-4.516401536942528,0,4.096843252993667,2.5817686981202037,1.5588132793810676,1.1604202971376276
-4.405147429447161,-4.306622394968097,-4.096843252993667,0,1.0666941432467407,0.2897982925747682,0.1816126451856146
-3.570534107897056,-3.2266463110609784,-2.5817686981202037,-1.0666941432467407,0,-0.48709755809720434,-0.26092810384494847
-2.759007774698204,-2.2982103437714327,-1.5588132793810676,-0.2897982925747682,0.48709755809720434,0,-0.03475864959269259
-2.2933800373163877,-1.8316165450986077,-1.1604202971376276,-0.1816126451856146,0.26092810384494847,0.03475864959269259,0
