0,3.212460736634451,3.2155464528142534,3.2288193615316754,3.3191900218736374,2.714455263254575,2.3583303994526834
-3.212460736634451,0,3.218632168994056,3.2369986739802874,3.3547664502866996,2.589953894909606,2.18750433201633
-3.2155464528142534,-3.218632168994056,0,3.2553651789665192,3.4228335909330214,2.3803944702147892,1.9297223727718986
-3.2288193615316754,-3.2369986739802874,-3.2553651789665192,0,3.5903020028995236,1.9429091158389244,1.4878414373736917
-3.3191900218736374,-3.3547664502866996,-3.4228335909330214,-3.5903020028995236,0,0.2955162287783253,0.4366111546107758
-2.714455263254575,-2.589953894909606,-2.3803944702147892,-1.9429091158389244,-0.2955162287783253,0,0.5777060804432264
-2.3583303994526834,-2.18750433201633,-1.9297223727718986,-1.4878414373736917,-0.4366111546107758,-0.5777060804432264,0
