0,3.221406822960005,3.2332611479214703,3.2467553463694183,3.1598921840976715,2.9295940763698627,2.715209878327918
-3.221406822960005,0,3.2451154728829357,3.2594296080741247,3.139387304476893,2.8566408897223274,2.6139704894015003
-3.2332611479214703,-3.2451154728829357,0,3.273743743265314,3.0865232202738726,2.7271493620021245,2.456184243531142
-3.2467553463694183,-3.2594296080741247,-3.273743743265314,0,2.8993026972824314,2.4538521713705297,2.183664410286418
-3.1598921840976715,-3.139387304476893,-3.0865232202738726,-2.8993026972824314,0,2.008401645458628,1.825845266788411
-2.9295940763698627,-2.8566408897223274,-2.7271493620021245,-2.4538521713705297,-2.008401645458628,0,1.6432888881181942
-2.715209878327918,-2.6139704894015003,-2.456184243531142,-2.183664410286418,-1.825845266788411,-1.6432888881181942,0
