0,2.4524781825686626,2.2384529869849876,1.9720942886239772,1.6457907131275649,1.3858638913795955,0.9855038534669033
-2.4524781825686626,0,2.0244277914013127,1.7319023416516344,1.3768948899805322,1.1192103185823288,0.6921089876465514
-2.2384529869849876,-2.0244277914013127,0,1.439376891901956,1.053128439270142,0.8174711609760008,0.35902928670786105
-1.9720942886239772,-1.7319023416516344,-1.439376891901956,0,0.6668799866383281,0.5065182955130232,-0.0010865816901706182
-1.6457907131275649,-1.3768948899805322,-1.053128439270142,-0.6668799866383281,0,0.3461566043877182,-0.33506986585442
-1.3858638913795955,-1.1192103185823288,-0.8174711609760008,-0.5065182955130232,-0.3461566043877182,0,-1.0162963360965582
-0.9855038534669033,-0.6921089876465514,-0.35902928670786105,0.0010865816901706182,0.33506986585442,1.0162963360965582,0
