0,2.3305525620780996,2.32181692622011,2.1416940822119126,1.9101534899445776,1.2954544815797369,1.168852632439994
-2.3305525620780996,0,2.3130812903621205,2.0472648422788193,1.7700204659000702,1.0366799614551463,0.9365126465123728
-2.32181692622011,-2.3130812903621205,0,1.7814483941955181,1.498490053669045,0.6112128518194883,0.5923704855499359
-2.1416940822119126,-2.0472648422788193,-1.7814483941955181,0,1.215531713142572,0.026095080631473255,0.19601118266807513
-1.9101534899445776,-1.7700204659000702,-1.498490053669045,-1.215531713142572,0,-1.1633415518796255,-0.31374908256917333
-1.2954544815797369,-1.0366799614551463,-0.6112128518194883,-0.026095080631473255,1.1633415518796255,0,0.5358433867412788
-1.168852632439994,-0.9365126465123728,-0.5923704855499359,-0.19601118266807513,0.31374908256917333,-0.5358433867412788,0
