0,1.8347776235428108,1.83162134450094,1.8305207891721278,1.8357179184020962,1.8781168177950343,1.6265356772299506
-1.8347776235428108,0,1.828465065459069,1.8283923719867863,1.836031350021858,1.88895161635809,1.5848872879673785
-1.83162134450094,-1.828465065459069,0,1.8283196785145037,1.8398144923032524,1.909113799991097,1.5239928435944559
-1.8305207891721278,-1.8283923719867863,-1.8283196785145037,0,1.8513093060920012,1.9495108607293936,1.4225505652877732
-1.8357179184020962,-1.836031350021858,-1.8398144923032524,-1.8513093060920012,0,2.047712415366786,1.2081711948856593
-1.8781168177950343,-1.88895161635809,-1.909113799991097,-1.9495108607293936,-2.047712415366786,0,0.3686299744045325
-1.6265356772299506,-1.5848872879673785,-1.5239928435944559,-1.4225505652877732,-1.2081711948856593,-0.3686299744045325,0
