0,1.8274343993066722,1.8105977425442077,1.7617324702673318,1.6677363842260282,1.6250302207280427,1.9148681563921521
-1.8274343993066722,0,1.7937610857817432,1.7288815057476614,1.6145037125324802,1.5744291760833853,1.9323549078092483
-1.8105977425442077,-1.7937610857817432,0,1.6640019257135799,1.5248750259078487,1.501318539517266,1.9670033633161244
-1.7617324702673318,-1.7288815057476614,-1.6640019257135799,0,1.3857481261021176,1.4199768464191092,2.0680038425169727
-1.6677363842260282,-1.6145037125324802,-1.5248750259078487,-1.3857481261021176,0,1.4542055667361007,2.4091317007244
-1.6250302207280427,-1.5744291760833853,-1.501318539517266,-1.4199768464191092,-1.4542055667361007,0,3.3640578347126997
-1.9148681563921521,-1.9323549078092483,-1.9670033633161244,-2.0680038425169727,-2.4091317007244,-3.3640578347126997,0
