0,2.3507884293805867,2.3104194847013564,2.0648698039718343,1.7076985594615022,1.3975040494901998,1.2165529136535518
-2.3507884293805867,0,2.270050540022126,1.9219104912674578,1.493335269488474,1.1591829545176031,0.9897058105081447
-2.3104194847013564,-2.270050540022126,0,1.5737704425127896,1.104977634221648,0.7888937593494288,0.6696196281296494
-2.0648698039718343,-1.9219104912674578,-1.5737704425127896,0,0.6361848259305063,0.3964554177677484,0.3682360233352693
-1.7076985594615022,-1.493335269488474,-1.104977634221648,-0.6361848259305063,0,0.1567260096049905,0.23426162203765077
-1.3975040494901998,-1.1591829545176031,-0.7888937593494288,-0.3964554177677484,-0.1567260096049905,0,0.31179723447031105
-1.2165529136535518,-0.9897058105081447,-0.6696196281296494,-0.3682360233352693,-0.23426162203765077,-0.31179723447031105,0
