0,2.5278976615930953,2.4304873397709312,2.2638578415642425,1.7716407541190737,1.3584096942540334,0.9378035722533454
-2.5278976615930953,0,2.333077017948767,2.131837931549816,1.5195551182943998,1.0660377024192678,0.6197847543853955
-2.4304873397709312,-2.333077017948767,0,1.9305988451508647,1.1127941684672162,0.6436912639094347,0.19146168849455258
-2.2638578415642425,-2.131837931549816,-1.9305988451508647,0,0.2949894917835678,0.00023747328871959184,-0.38825069705755144
-1.7716407541190737,-1.5195551182943998,-1.1127941684672162,-0.2949894917835678,0,-0.29451454520612863,-0.7298707914781111
-1.3584096942540334,-1.0660377024192678,-0.6436912639094347,-0.00023747328871959184,0.29451454520612863,0,-1.1652270377500935
-0.9378035722533454,-0.6197847543853955,-0.19146168849455258,0.38825069705755144,0.7298707914781111,1.1652270377500935,0
