0,2.296755451753838,2.2932200145037505,2.0388581193836086,1.6839271375323202,1.4087913800325078,1.535056728662697
-2.296755451753838,0,2.289684577253663,1.9099094531984941,1.4796510327918142,1.1868003621021752,1.3827169840444689
-2.2932200145037505,-2.289684577253663,0,1.5301343291433254,1.0746342605608898,0.8191722903850126,1.1559750857421702
-2.0388581193836086,-1.9099094531984941,-1.5301343291433254,0,0.6191341919784543,0.4636912710058563,1.0312553379417853
-1.6839271375323202,-1.4796510327918142,-1.0746342605608898,-0.6191341919784543,0,0.30824835003325823,1.2373159109234506
-1.4087913800325078,-1.1868003621021752,-0.8191722903850126,-0.4636912710058563,-0.30824835003325823,0,2.166383471813643
-1.535056728662697,-1.3827169840444689,-1.1559750857421702,-1.0312553379417853,-1.2373159109234506,-2.166383471813643,0
