0,2.3422757832359262,2.32778281897139,2.125160441336759,1.740640878869283,1.2244057834258197,1.2165529136535518
-2.3422757832359262,0,2.3132898547068534,2.016602770387175,1.5400959107470686,0.944938283473293,0.9914083397370768
-2.32778281897139,-2.3132898547068534,0,1.7199156860674973,1.1534989387671764,0.4888210930621062,0.6609379609946326
-2.125160441336759,-2.016602770387175,-1.7199156860674973,0,0.5870821914668554,-0.12672620344058938,0.30794538597034443
-1.740640878869283,-1.5400959107470686,-1.1534989387671764,-0.5870821914668554,0,-0.8405345983480341,0.16837698322208894
-1.2244057834258197,-0.944938283473293,-0.4888210930621062,0.12672620344058938,0.8405345983480341,0,1.177288564792212
-1.2165529136535518,-0.9914083397370768,-0.6609379609946326,-0.30794538597034443,-0.16837698322208894,-1.177288564792212,0
