0,0.6818419923630755,0.690644122991832,0.6986244694593383,0.705869752531516,0.7121465063532507,0.7123568848388241
-0.6818419923630755,0,0.6994462536205884,0.7070157080074697,0.7138790059209961,0.7197226348507945,0.7184598633339737
-0.690644122991832,-0.6994462536205884,0,0.7145851623943511,0.7210953820711999,0.7264814285941966,0.72321326576232
-0.6986244694593383,-0.7070157080074697,-0.7145851623943511,0,0.7276056017480488,0.7324295616941192,0.7260893002183098
-0.705869752531516,-0.7138790059209961,-0.7210953820711999,-0.7276056017480488,0,0.7372535216401896,0.7253311494534402
-0.7121465063532507,-0.7197226348507945,-0.7264814285941966,-0.7324295616941192,-0.7372535216401896,0,0.7134087772666908
-0.7123568848388241,-0.7184598633339737,-0.72321326576232,-0.7260893002183098,-0.7253311494534402,-0.7134087772666908,0
