0,0.7070811422111843,0.6998630150690399,0.6930533271072248,0.688408378181044,0.6944871258526424,0.7418746839526391
-0.7070811422111843,0,0.6926448879268955,0.6860394195552451,0.6821841235043306,0.691338621763007,0.74883339230093
-0.6998630150690399,-0.6926448879268955,0,0.6794339511835945,0.676953741293048,0.6909031997083774,0.7628805183944387
-0.6930533271072248,-0.6860394195552451,-0.6794339511835945,0,0.6744735314025014,0.6966378239707689,0.7906960407980534
-0.688408378181044,-0.6821841235043306,-0.676953741293048,-0.6744735314025014,0,0.7188021165390364,0.8488072954958295
-0.6944871258526424,-0.691338621763007,-0.6909031997083774,-0.6966378239707689,-0.7188021165390364,0,0.9788124744526225
-0.7418746839526391,-0.74883339230093,-0.7628805183944387,-0.7906960407980534,-0.8488072954958295,-0.9788124744526225,0
