0,1.390703693821866,1.3885056546182397,1.383919968512063,1.3801419325516155,1.3963973553427094,1.501473427629316
-1.390703693821866,0,1.3863076154146134,1.3805281058571612,1.3766213454615321,1.3978207707229202,1.5236273743908062
-1.3885056546182397,-1.3863076154146134,0,1.374748596299709,1.3717782104849914,1.4016584891590227,1.5579573141348542
-1.383919968512063,-1.3805281058571612,-1.374748596299709,0,1.3688078246702737,1.4151134355886792,1.6190268867465694
-1.3801419325516155,-1.3766213454615321,-1.3717782104849914,-1.3688078246702737,0,1.4614190465070847,1.7441364177847172
-1.3963973553427094,-1.3978207707229202,-1.4016584891590227,-1.4151134355886792,-1.4614190465070847,0,2.0268537890623497
-1.501473427629316,-1.5236273743908062,-1.5579573141348542,-1.6190268867465694,-1.7441364177847172,-2.0268537890623497,0
