0,0.709743460087437,0.7120991475504268,0.7127907829368788,0.7099192578536615,0.7022582162365341,0.6931471805599453
-0.709743460087437,0,0.7144548350134166,0.7143144443615996,0.7099778571090697,0.7003869052738083,0.6898279246544469
-0.7120991475504268,-0.7144548350134166,0,0.7141740537097827,0.7077393681568962,0.6956975953606056,0.6836711970647045
-0.7127907829368788,-0.7143144443615996,-0.7141740537097827,0,0.7013046826040097,0.686459366186017,0.6735035781830118
-0.7099192578536615,-0.7099778571090697,-0.7077393681568962,-0.7013046826040097,0,0.6716140497680243,0.6596030259725127
-0.7022582162365341,-0.7003869052738083,-0.6956975953606056,-0.686459366186017,-0.6716140497680243,0,0.6475920021770012
-0.6931471805599453,-0.6898279246544469,-0.6836711970647045,-0.6735035781830118,-0.6596030259725127,-0.6475920021770012,0
