0,7.351180751411236,4.986004552641947,3.530585398172898,2.748496846089451,2.2245247159775348,1.8609498396298323,1.6159839053520726,1.4168264720280341,1.2682314207666294,1.1520251341085115,1.0637207735776328,0.9677874891093761,0.9491536459775716,0.7741291899338792
-7.351180751411236,0,2.620828353872658,1.6202877215537295,1.2142688776488564,0.9428607071191093,0.7629036572735517,0.6601177643422121,0.569061574973291,0.5078627544360536,0.46323006551932,0.4349747757942725,0.38747901071829793,0.4156513871914329,0.26820214674331333
-4.986004552641947,-2.620828353872658,0,0.6197470892348012,0.5109891395369557,0.3835381582012598,0.2984224831237752,0.267975646436123,0.22710044515672992,0.2060105259451101,0.19353027947515278,0.19210215600778527,0.16414407640286194,0.2151807538567761,0.07214996281586794
-3.530585398172898,-1.6202877215537295,-0.6197470892348012,0,0.4022311898391102,0.26543369268448913,0.1913142810867665,0.18003278573645343,0.1485711163411157,0.1370544320634949,0.13264216379520302,0.1386465393544083,0.11352151942153535,0.1747241203189736,0.022368405868692195
-2.748496846089451,-1.2142688776488564,-0.5109891395369557,-0.4022311898391102,0,0.12863619552986805,0.08585582671059466,0.10596665103556784,0.08515609796661705,0.08401908050837185,0.08771065945455181,0.10099158928516516,0.07743281061933849,0.14944555703895843,-0.015617872528349609
-2.2245247159775348,-0.9428607071191093,-0.3835381582012598,-0.26543369268448913,-0.12863619552986805,0,0.04307545789132128,0.09463187878841772,0.07066273211220005,0.07286480175299781,0.07952555223948857,0.09638415491104801,0.07011804134640569,0.1520467272275947,-0.031646102312596014
-1.8609498396298323,-0.7629036572735517,-0.2984224831237752,-0.1913142810867665,-0.08585582671059466,-0.04307545789132128,0,0.14618829968551417,0.08445636922263944,0.08279458304022332,0.08863807582653038,0.10704589431499337,0.07462513858891977,0.16761405141849092,-0.040986297338085675
-1.6159839053520726,-0.6601177643422121,-0.267975646436123,-0.18003278573645343,-0.10596665103556784,-0.09463187878841772,-0.14618829968551417,0,0.02272443875976471,0.0510977247175779,0.06945466787353578,0.09726029297236316,0.06031250636960088,0.1711850100406537,-0.06772552548431422
-1.4168264720280341,-0.569061574973291,-0.22710044515672992,-0.1485711163411157,-0.08515609796661705,-0.07066273211220005,-0.08445636922263944,-0.02272443875976471,0,0.07947101067539108,0.09281978243042133,0.12210557770989598,0.06970952327205993,0.20087712429683152,-0.08280051952499405
-1.2682314207666294,-0.5078627544360536,-0.2060105259451101,-0.1370544320634949,-0.08401908050837185,-0.07286480175299781,-0.08279458304022332,-0.0510977247175779,-0.07947101067539108,0,0.10616855418545157,0.14342286122714842,0.0664556941376162,0.23122865270219162,-0.11525482556507108
-1.1520251341085115,-0.46323006551932,-0.19353027947515278,-0.13264216379520302,-0.08771065945455181,-0.07952555223948857,-0.08863807582653038,-0.06945466787353578,-0.09281978243042133,-0.10616855418545157,0,0.18067716826884528,0.046599264113698524,0.27291535220777163,-0.17061067050270173
-1.0637207735776328,-0.4349747757942725,-0.19210215600778527,-0.1386465393544083,-0.10099158928516516,-0.09638415491104801,-0.10704589431499337,-0.09726029297236316,-0.12210557770989598,-0.14342286122714842,-0.18067716826884528,0,-0.08747864004144823,0.3190344441772348,-0.28770661675988407
-0.9677874891093761,-0.38747901071829793,-0.16414407640286194,-0.11352151942153535,-0.07743281061933849,-0.07011804134640569,-0.07462513858891977,-0.06031250636960088,-0.06970952327205993,-0.0664556941376162,-0.046599264113698524,0.08747864004144823,0,0.7255475283959179,-0.387820605119102
-0.9491536459775716,-0.4156513871914329,-0.2151807538567761,-0.1747241203189736,-0.14944555703895843,-0.1520467272275947,-0.16761405141849092,-0.1711850100406537,-0.20087712429683152,-0.23122865270219162,-0.27291535220777163,-0.3190344441772348,-0.7255475283959179,0,-1.5011887386341218
-0.7741291899338792,-0.26820214674331333,-0.07214996281586794,-0.022368405868692195,0.015617872528349609,0.031646102312596014,0.040986297338085675,0.06772552548431422,0.08280051952499405,0.11525482556507108,0.17061067050270173,0.28770661675988407,0.387820605119102,1.5011887386341218,0
