0,-7.286433161928417,-4.99397907394949,-3.4997555539877245,-2.5344926483495525,-1.9198197109231212,-1.5006165495899604,-1.2123744839441943,-1.0017826820774145,-0.8425365780142868,-0.721354202683362,-0.6302933782985896,-0.5519268372899033,-0.4928221241275023,-0.7686160290958793
-7.286433161928417,0,-2.7015249859705603,-1.7394551780202367,-1.1717110075467247,-0.8562815514708515,-0.6518567228440602,-0.5237625889411913,-0.4326758103584656,-0.36450987688551995,-0.31469636671416434,-0.28101681716292287,-0.24780194617539963,-0.22639264500563086,-0.5796470334154713
-4.99397907394949,-2.7015249859705603,0,-0.7773853700699134,-0.472524957914275,-0.3489737986166905,-0.2657021396808474,-0.2236281555314254,-0.19226927832785493,-0.16716349449432596,-0.15013506703848895,-0.14263186751213588,-0.12853882900884195,-0.1234384971718706,-0.5468788142345731
-3.4997555539877245,-1.7394551780202367,-0.7773853700699134,0,-0.16766454575863482,-0.1649862216997573,-0.13207252175445616,-0.12662079111582156,-0.11714474298292848,-0.10633003100980032,-0.10025286256113607,-0.10216721969055875,-0.09334850305092286,-0.09371907923594186,-0.5926860187984161
-2.5344926483495525,-1.1717110075467247,-0.472524957914275,-0.16766454575863482,0,-0.1623078976408759,-0.10923728043796437,-0.11247730513825731,-0.1048682321432334,-0.09454078645896054,-0.09009563975377485,-0.09502789186739372,-0.08583597771298604,-0.08778317420259675,-0.6785506309643116
-1.9198197109231212,-0.8562815514708515,-0.3489737986166905,-0.1649862216997573,-0.1623078976408759,0,-0.0561666632350508,-0.09694711587081725,-0.09329860101199901,-0.0834680295065093,-0.0812320862170795,-0.09010599708793125,-0.07984657808978698,-0.08355746260446643,-0.7933235530381498
-1.5006165495899604,-0.6518567228440602,-0.2657021396808474,-0.13207252175445616,-0.10923728043796437,-0.0561666632350508,0,-0.13772756850658005,-0.10445974198471132,-0.0841333142401209,-0.08073687974147477,-0.09273382972781186,-0.07879233883308912,-0.08369450429061279,-0.9511559388904149
-1.2123744839441943,-0.5237625889411913,-0.2236281555314254,-0.12662079111582156,-0.11247730513825731,-0.09694711587081725,-0.13772756850658005,0,-0.071191915462842,-0.05949308690310206,-0.06671854882364282,-0.08912161117164961,-0.07173702949740601,-0.08005561632441716,-1.165292131565718
-1.0017826820774145,-0.4326758103584656,-0.19226927832785493,-0.11714474298292848,-0.1048682321432334,-0.09329860101199901,-0.10445974198471132,-0.071191915462842,0,-0.047794258343366786,-0.06763591391742202,-0.10078182489253967,-0.07177932506024526,-0.08285667564198002,-1.4773604640043514
-0.8425365780142868,-0.36450987688551995,-0.16716349449432596,-0.10633003100980032,-0.09454078645896054,-0.0834680295065093,-0.0841333142401209,-0.05949308690310206,-0.047794258343366786,0,-0.08747756949147543,-0.12949298406730644,-0.07163365473147963,-0.087200213677415,-1.9450907521487606
-0.721354202683362,-0.31469636671416434,-0.15013506703848895,-0.10025286256113607,-0.09009563975377485,-0.0812320862170795,-0.08073687974147477,-0.06671854882364282,-0.06763591391742202,-0.08747756949147543,0,-0.17150839864313558,-0.04706590669953619,-0.0826996191344122,-2.6855466108114987
-0.6302933782985896,-0.28101681716292287,-0.14263186751213588,-0.10216721969055875,-0.09502789186739372,-0.09010599708793125,-0.09273382972781186,-0.08912161117164961,-0.10078182489253967,-0.12949298406730644,-0.17150839864313558,0,0.07737658524406497,-0.0649745967764644,-3.978107595471069
-0.5519268372899033,-0.24780194617539963,-0.12853882900884195,-0.09334850305092286,-0.08583597771298604,-0.07984657808978698,-0.07879233883308912,-0.07173702949740601,-0.07177932506024526,-0.07163365473147963,-0.04706590669953619,0.07737658524406497,0,-0.2073257787969879,-6.634313321940997
-0.4928221241275023,-0.22639264500563086,-0.1234384971718706,-0.09371907923594186,-0.08778317420259675,-0.08355746260446643,-0.08369450429061279,-0.08005561632441716,-0.08285667564198002,-0.087200213677415,-0.0826996191344122,-0.0649745967764644,-0.2073257787969879,0,-13.06130086508498
-0.7686160290958793,-0.5796470334154713,-0.5468788142345731,-0.5926860187984161,-0.6785506309643116,-0.7933235530381498,-0.9511559388904149,-1.165292131565718,-1.4773604640043514,-1.9450907521487606,-2.6855466108114987,-3.978107595471069,-6.634313321940997,-13.06130086508498,0
