0,7.297525144907728,5.08686852509406,3.6075737493484454,2.7566028484449565,2.2317482208312405,1.8620333170177317,1.6122963839197926,1.420906333829681,1.2698817093889132,1.1470664386484142,1.0536343446501666,0.959900538369789,0.9384075681220422,0.8805592834438105
-7.297525144907728,0,2.8762119052803916,1.7625980515688044,1.242962082957366,0.9653039898121187,0.7749349514397326,0.66475825708847,0.5813893608185314,0.5164262799490614,0.4636821379529349,0.42924526462441037,0.38375284686634,0.4084811033899017,0.386946524869663
-5.08686852509406,-2.8762119052803916,0,0.6489841978572173,0.4263371717958533,0.3283346846560278,0.24961571297956775,0.22246752745008572,0.19891893674155478,0.17931404775887141,0.1621159170370028,0.15736008232930132,0.1345069410249348,0.18414193958167535,0.17950774316876897
-3.6075737493484454,-1.7625980515688044,-0.6489841978572173,0,0.2036901457344893,0.16800992805543302,0.1164928846870179,0.11583835984830282,0.10890588451842227,0.10103568940914709,0.09256330549125787,0.09590706788831183,0.0773428013769034,0.13765771375412114,0.13682806546981913
-2.7566028484449565,-1.242962082957366,-0.4263371717958533,-0.2036901457344893,0,0.13232971037637675,0.07289425416328221,0.086554431219574,0.08520981921440551,0.08050479814407865,0.07404216545071929,0.0805094853388579,0.061549383332205165,0.13032077686741358,0.1301418574433521
-2.2317482208312405,-0.9653039898121187,-0.3283346846560278,-0.16800992805543302,-0.13232971037637675,0,0.013458797950187673,0.06366679164117262,0.06950318882708177,0.06754857008600412,0.062384656465587794,0.0718727811659381,0.051437908040180655,0.13006966017879318,0.12989876267301603
-1.8620333170177317,-0.7749349514397326,-0.24961571297956775,-0.1164928846870179,-0.07289425416328221,-0.013458797950187673,0,0.11387478533215756,0.09752538426552881,0.08557849413127627,0.07461612109443783,0.08355557780908818,0.05776775972184615,0.14672835478287968,0.1444537582633696
-1.6122963839197926,-0.66475825708847,-0.22246752745008572,-0.11583835984830282,-0.086554431219574,-0.06366679164117262,-0.11387478533215756,0,0.08117598319890007,0.07143034853083563,0.061529899681864585,0.07597577592832083,0.046546354599783867,0.15220394969133336,0.14882218296782845
-1.420906333829681,-0.5813893608185314,-0.19891893674155478,-0.10890588451842227,-0.08520981921440551,-0.06950318882708177,-0.09752538426552881,-0.08117598319890007,0,0.06168471386277119,0.05170685792334684,0.07424237350479441,0.03788894745000482,0.16640954298982003,0.16009654959598318
-1.2698817093889132,-0.5164262799490614,-0.17931404775887141,-0.10103568940914709,-0.08050479814407865,-0.06754857008600412,-0.08557849413127627,-0.07143034853083563,-0.06168471386277119,0,0.04172900198392249,0.08052120332580603,0.029957025312416025,0.19259075027158223,0.17977891674262558
-1.1470664386484142,-0.4636821379529349,-0.1621159170370028,-0.09256330549125787,-0.07404216545071929,-0.062384656465587794,-0.07461612109443783,-0.061529899681864585,-0.05170685792334684,-0.04172900198392249,0,0.11931340466768958,0.024071036976662796,0.24287799970080215,0.21429139543230136
-1.0536343446501666,-0.42924526462441037,-0.15736008232930132,-0.09590706788831183,-0.0805094853388579,-0.0718727811659381,-0.08355557780908818,-0.07597577592832083,-0.07424237350479441,-0.08052120332580603,-0.11931340466768958,0,-0.07117133071436399,0.30466029721735843,0.24595072568717194
-0.959900538369789,-0.38375284686634,-0.1345069410249348,-0.0773428013769034,-0.061549383332205165,-0.051437908040180655,-0.05776775972184615,-0.046546354599783867,-0.03788894745000482,-0.029957025312416025,-0.024071036976662796,0.07117133071436399,0,0.6804919251490809,0.4045117538879399
-0.9384075681220422,-0.4084811033899017,-0.18414193958167535,-0.13765771375412114,-0.13032077686741358,-0.13006966017879318,-0.14672835478287968,-0.15220394969133336,-0.16640954298982003,-0.19259075027158223,-0.24287799970080215,-0.30466029721735843,-0.6804919251490809,0,0.12853158262679898
-0.8805592834438105,-0.386946524869663,-0.17950774316876897,-0.13682806546981913,-0.1301418574433521,-0.12989876267301603,-0.1444537582633696,-0.14882218296782845,-0.16009654959598318,-0.17977891674262558,-0.21429139543230136,-0.24595072568717194,-0.4045117538879399,-0.12853158262679898,0
