0,2.4444615405095316e-16,-0.23483826117444193,-0.38256586829672057,-0.3763362452087279,-0.33969827649325246,-0.29165905782239704,-0.2568273606686869,-0.22886247683230385,-0.20550702162635248,-0.18532322698481338,-0.17113989075634387,-0.15457926265768565,-0.15919580106685363,-0.1614299455718124
2.4444615405095316e-16,0,-0.46967652234888674,-0.5593303601030506,-0.4616036795679,-0.3762035496225649,-0.299982833684987,-0.2528210013837632,-0.21886648640951467,-0.19254226125174836,-0.17091465975682293,-0.15677227461917517,-0.1398461445269346,-0.14743955317301446,-0.15167232516351528
-0.23483826117444193,-0.46967652234888674,0,-0.6489841978572192,-0.42633717179585545,-0.315870230763874,-0.2332945559947407,-0.1926415388231915,-0.16617986601646367,-0.1464462396675194,-0.13025606485910532,-0.12141692167347239,-0.10784155937277091,-0.12203463365222346,-0.13082705049061588
-0.38256586829672057,-0.5593303601030506,-0.6489841978572192,0,-0.2036901457344892,-0.16800992805543352,-0.11807656725595256,-0.10724953871129884,-0.10043130833962507,-0.09384480522722212,-0.08675744532677987,-0.08562040799596696,-0.07648927597062538,-0.09896332437400665,-0.11306636223183308
-0.3763362452087279,-0.4616036795679,-0.42633717179585545,-0.2036901457344892,0,-0.13232971037637392,-0.0728942541632816,-0.07924486789263432,-0.08090121369975829,-0.07862924109651016,-0.07386422526185882,-0.07566623361457277,-0.06671799989057664,-0.09564111319064357,-0.11291237814686834
-0.33969827649325246,-0.3762035496225649,-0.315870230763874,-0.16800992805543352,-0.13232971037637392,0,-0.01345879795018593,-0.06366679164117345,-0.07394034847758825,-0.0735439329219078,-0.06888568120057413,-0.07262499024300141,-0.06220000893090002,-0.09855447873313143,-0.11869732357210304
-0.29165905782239704,-0.299982833684987,-0.2332945559947407,-0.11807656725595256,-0.0728942541632816,-0.01345879795018593,0,-0.1138747853321553,-0.09752538426552852,-0.08513824303803919,-0.07397896658171814,-0.07726695017790734,-0.06253712850951706,-0.10789593586765153,-0.13043908908539098
-0.2568273606686869,-0.2528210013837632,-0.1926415388231915,-0.10724953871129884,-0.07924486789263432,-0.06366679164117345,-0.1138747853321553,0,-0.0811759831989006,-0.07143034853083567,-0.061545381099955804,-0.07112199232732712,-0.053530549386333906,-0.11442232431055928,-0.14096966872200636
-0.22886247683230385,-0.21886648640951467,-0.16617986601646367,-0.10043130833962507,-0.08090121369975829,-0.07394034847758825,-0.09752538426552852,-0.0811759831989006,0,-0.06168471386277328,-0.05170685792334876,-0.07099103635270644,-0.046415398625166325,-0.12997614877785457,-0.15966449888763135
-0.20550702162635248,-0.19254226125174836,-0.1464462396675194,-0.09384480522722212,-0.07862924109651016,-0.0735439329219078,-0.08513824303803919,-0.07143034853083567,-0.06168471386277328,0,-0.04172900198392281,-0.0805212033258059,-0.03889266324794412,-0.1588868076125989,-0.1888343881473857
-0.18532322698481338,-0.17091465975682293,-0.13025606485910532,-0.08675744532677987,-0.07386422526185882,-0.06888568120057413,-0.07397896658171814,-0.061545381099955804,-0.05170685792334876,-0.04172900198392281,0,-0.11931340466769019,-0.02407103697666294,-0.2114730666592864,-0.2323651757893127
-0.17113989075634387,-0.15677227461917517,-0.12141692167347239,-0.08562040799596696,-0.07566623361457277,-0.07262499024300141,-0.07726695017790734,-0.07112199232732712,-0.07099103635270644,-0.0805212033258059,-0.11931340466769019,0,0.07117133071436559,-0.3046602972173592,-0.28940484563336377
-0.15457926265768565,-0.1398461445269346,-0.10784155937277091,-0.07648927597062538,-0.06671799989057664,-0.06220000893090002,-0.06253712850951706,-0.053530549386333906,-0.046415398625166325,-0.03889266324794412,-0.02407103697666294,0.07117133071436559,0,-0.6804919251490819,-0.40451175388794197
-0.15919580106685363,-0.14743955317301446,-0.12203463365222346,-0.09896332437400665,-0.09564111319064357,-0.09855447873313143,-0.10789593586765153,-0.11442232431055928,-0.12997614877785457,-0.1588868076125989,-0.2114730666592864,-0.3046602972173592,-0.6804919251490819,0,-0.12853158262679754
-0.1614299455718124,-0.15167232516351528,-0.13082705049061588,-0.11306636223183308,-0.11291237814686834,-0.11869732357210304,-0.13043908908539098,-0.14096966872200636,-0.15966449888763135,-0.1888343881473857,-0.2323651757893127,-0.28940484563336377,-0.40451175388794197,-0.12853158262679754,0
