0,7.225553837487414,4.928207105985877,3.5555506506558836,2.734390214981728,2.2172649086112957,1.8620243923878002,1.6098271307741672,1.4261823848533575,1.277840831972043,1.1577529149309798,1.057290294644356,0.9720472984213057,0.8910269807404894,0.9774239340634477
-7.225553837487414,0,2.6308603744843406,1.7205490572401185,1.2373356741464991,0.9651926763922658,0.7893185033678772,0.6738726796552926,0.5977007487627779,0.5343767062826215,0.48355281242470916,0.4404639403600504,0.4035467039607503,0.3631497426782457,0.49679855687698876
-4.928207105985877,-2.6308603744843406,0,0.8102377399958964,0.5405733239775783,0.4099701103615742,0.3289330355887614,0.282475140689483,0.2588408111425175,0.23487903939666158,0.21513936716725524,0.1970865587906848,0.18081533690839127,0.1569942306958734,0.3189600720763761
-3.5555506506558836,-1.7205490572401185,-0.8102377399958964,0,0.27090890795926015,0.20983629554441308,0.1684981341197164,0.15053449086287962,0.1485614253718417,0.13898592263012244,0.13012531390602078,0.12044266114003332,0.11087951434311291,0.09166987976587108,0.2742984659018743
-2.734390214981728,-1.2373356741464991,-0.5405733239775783,-0.27090890795926015,0,0.148763683129566,0.11729274719994454,0.11040968516408611,0.11797455472498708,0.11260132556429489,0.10666138156381422,0.09894748302300092,0.09087584014109451,0.07175443218882786,0.2746374216961357
-2.2172649086112957,-0.9651926763922658,-0.4099701103615742,-0.20983629554441308,-0.148763683129566,0,0.08582181127032307,0.09123268618134617,0.10771151192346078,0.10356073617297712,0.09824092125066386,0.09064478300524008,0.08260614828559858,0.06212827582123559,0.28862339264797676
-1.8620243923878002,-0.7893185033678772,-0.3289330355887614,-0.1684981341197164,-0.11729274719994454,-0.08582181127032307,0,0.09664356109236927,0.11865636225002962,0.10947371114052847,0.10134569874574906,0.09160937735222348,0.08207020445481117,0.05874348504279452,0.31397359032018346
-1.6098271307741672,-0.6738726796552926,-0.282475140689483,-0.15053449086287962,-0.11040968516408611,-0.09123268618134617,-0.09664356109236927,0,0.14066916340768998,0.11588878616460807,0.10291307796354232,0.09035083141718703,0.07915553312729955,0.05242680570119873,0.34502073735272837
-1.4261823848533575,-0.5977007487627779,-0.2588408111425175,-0.1485614253718417,-0.11797455472498708,-0.10771151192346078,-0.11865636225002962,-0.14066916340768998,0,0.09110840892152616,0.08403503524146849,0.07357805408701938,0.06377712555720194,0.03477833415990048,0.3790793330102347
-1.277840831972043,-0.5343767062826215,-0.23487903939666158,-0.13898592263012244,-0.11260132556429489,-0.10356073617297712,-0.10947371114052847,-0.11588878616460807,-0.09110840892152616,0,0.07696166156141082,0.06481287666976598,0.054666697769093865,0.02069581546949406,0.4366735178279765
-1.1577529149309798,-0.48355281242470916,-0.21513936716725524,-0.13012531390602078,-0.10666138156381422,-0.09824092125066386,-0.10134569874574906,-0.10291307796354232,-0.08403503524146849,-0.07696166156141082,0,0.05266409177812115,0.04351921587293539,0.001940533438855141,0.5266014818946179
-1.057290294644356,-0.4404639403600504,-0.1970865587906848,-0.12044266114003332,-0.09894748302300092,-0.09064478300524008,-0.09160937735222348,-0.09035083141718703,-0.07357805408701938,-0.06481287666976598,-0.05266409177812115,0,0.034374339967749634,-0.023421245730777862,0.6845806119334501
-0.9720472984213057,-0.4035467039607503,-0.18081533690839127,-0.11087951434311291,-0.09087584014109451,-0.08260614828559858,-0.08207020445481117,-0.07915553312729955,-0.06377712555720194,-0.054666697769093865,-0.04351921587293539,-0.034374339967749634,0,-0.08121683142930536,1.0096837479163003
-0.8910269807404894,-0.3631497426782457,-0.1569942306958734,-0.09166987976587108,-0.07175443218882786,-0.06212827582123559,-0.05874348504279452,-0.05242680570119873,-0.03477833415990048,-0.02069581546949406,-0.001940533438855141,0.023421245730777862,0.08121683142930536,0,2.100584327261906
-0.9774239340634477,-0.49679855687698876,-0.3189600720763761,-0.2742984659018743,-0.2746374216961357,-0.28862339264797676,-0.31397359032018346,-0.34502073735272837,-0.3790793330102347,-0.4366735178279765,-0.5266014818946179,-0.6845806119334501,-1.0096837479163003,-2.100584327261906,0
