0,7.114162605492851,5.011240582520338,3.5897345637678537,2.7411642789855617,2.2285383108794696,1.8629408435135917,1.6115253165945975,1.4250446457161576,1.2728416045430437,1.1565953135119362,1.0525547311111862,0.9513839175357478,0.9194660253495429,0.8778688622533688
-7.114162605492851,0,2.9083185595478245,1.8275205429053551,1.2834981701497987,1.0071322372261244,0.8126964911177399,0.6944191017782219,0.6123135086052015,0.542676479424318,0.4946433921807236,0.44639394367301966,0.3911313095396476,0.40324131033760063,0.3981539589272548
-5.011240582520338,-2.9083185595478245,0,0.7467225262628858,0.47108797545078573,0.3734034631188911,0.2887909740102188,0.25163921022430136,0.2296460001147643,0.2047276108352456,0.19293399625983598,0.1728467641313747,0.13941258453882988,0.175507014954853,0.18897357554220737
-3.5897345637678537,-1.8275205429053551,-0.7467225262628858,0,0.19545342463868565,0.18674393154689373,0.1361471232593298,0.12786838121465527,0.12623069488514,0.1143951249306389,0.11382134911654315,0.10111229386493581,0.07193370212504588,0.11838546382404971,0.13826912547669112
-2.7411642789855617,-1.2834981701497987,-0.47108797545078573,-0.19545342463868565,0,0.1780344384551018,0.10649397256965187,0.10534003340664515,0.10892501244675357,0.09818346498902955,0.10021600319618607,0.08763498946868584,0.05649373681084091,0.10982235706686794,0.13255069556049168
-2.2285383108794696,-1.0071322372261244,-0.3734034631188911,-0.18674393154689373,-0.1780344384551018,0,0.03495350668420194,0.06899283088241681,0.08588853711063749,0.07822072162251148,0.08465231614440291,0.0725684146376165,0.039130779433089354,0.1012958468933387,0.12749694634997943
-1.8629408435135917,-0.8126964911177399,-0.2887909740102188,-0.1361471232593298,-0.10649397256965187,-0.03495350668420194,0,0.10303215508063168,0.11135605232385526,0.092643126601948,0.09707701850945316,0.08009139622829942,0.039826991557903924,0.11077332406607253,0.13906487630820163
-1.6115253165945975,-0.6944191017782219,-0.25163921022430136,-0.12786838121465527,-0.10534003340664515,-0.06899283088241681,-0.10303215508063168,0,0.11967994956707884,0.08744861236260615,0.09509197298572698,0.07435620651521635,0.027185958853358373,0.11206351889697934,0.1442124079121402
-1.4250446457161576,-0.6123135086052015,-0.2296460001147643,-0.12623069488514,-0.10892501244675357,-0.08588853711063749,-0.11135605232385526,-0.11967994956707884,0,0.05521727515813346,0.08279798469505106,0.05924829216459552,0.004062461174928256,0.11054023276295943,0.14830115096965044
-1.2728416045430437,-0.542676479424318,-0.2047276108352456,-0.1143951249306389,-0.09818346498902955,-0.07822072162251148,-0.092643126601948,-0.08744861236260615,-0.05521727515813346,0,0.11037869423196867,0.06126380066782655,-0.012989143486140145,0.12437097216416593,0.16691792613195383
-1.1565953135119362,-0.4946433921807236,-0.19293399625983598,-0.11382134911654315,-0.10021600319618607,-0.08465231614440291,-0.09707701850945316,-0.09509197298572698,-0.08279798469505106,-0.11037869423196867,0,0.012148907103684436,-0.07467306234519455,0.12903506480823168,0.1810527341069501
-1.0525547311111862,-0.44639394367301966,-0.1728467641313747,-0.10111229386493581,-0.08763498946868584,-0.0725684146376165,-0.08009139622829942,-0.07435620651521635,-0.05924829216459552,-0.06126380066782655,-0.012148907103684436,0,-0.16149503179407354,0.1874781436605053,0.23735400977470533
-0.9513839175357478,-0.3911313095396476,-0.13941258453882988,-0.07193370212504588,-0.05649373681084091,-0.039130779433089354,-0.039826991557903924,-0.027185958853358373,-0.004062461174928256,0.012989143486140145,0.07467306234519455,0.16149503179407354,0,0.5364513191150841,0.43677853055909477
-0.9194660253495429,-0.40324131033760063,-0.175507014954853,-0.11838546382404971,-0.10982235706686794,-0.1012958468933387,-0.11077332406607253,-0.11206351889697934,-0.11054023276295943,-0.12437097216416593,-0.12903506480823168,-0.1874781436605053,-0.5364513191150841,0,0.3371057420031054
-0.8778688622533688,-0.3981539589272548,-0.18897357554220737,-0.13826912547669112,-0.13255069556049168,-0.12749694634997943,-0.13906487630820163,-0.1442124079121402,-0.14830115096965044,-0.16691792613195383,-0.1810527341069501,-0.23735400977470533,-0.43677853055909477,-0.3371057420031054,0
