0,7.363579917871565,4.89287521769715,3.6217383300067194,2.726899201531358,2.21433981734171,1.864154123540927,1.605084632983836,1.4193926040789215,1.2746690123498097,1.1550753320029443,1.0538062862019073,0.9930015954482353,0.8505413011517108,1.2317933867248663
-7.363579917871565,0,2.4221705175227353,1.7508175360742966,1.1813389627512887,0.9270297922092463,0.7642689646747993,0.6453354188358812,0.5702229878228297,0.5135551491595902,0.46524148912865315,0.42282892303494163,0.413858111591569,0.30778808309172295,0.7601174997135817
-4.89287521769715,-2.4221705175227353,0,1.0794645546258579,0.5609231853655654,0.42864955043808334,0.3497935764628153,0.28996839909851035,0.26156506620617864,0.24089581082199807,0.22062536057939286,0.2006798569807423,0.21302687099845236,0.11557149814344908,0.6216130815628188
-3.6217383300067194,-1.7508175360742966,-1.0794645546258579,0,0.04238181610527292,0.10324204834419604,0.10656991707513441,0.09259436021667344,0.09798516852224282,0.10113435352135476,0.09793404714418356,0.09083176977510288,0.11675601726207398,0.019182192495208205,0.5799902203752698
-2.726899201531358,-1.1813389627512887,-0.5609231853655654,-0.04238181610527292,0,0.16410228058311915,0.13866396756006516,0.10933187492047362,0.11188600662648529,0.11288486100457114,0.10719275231733534,0.09775319172793573,0.1260527924066741,0.01660445653853435,0.6337510608022695
-2.21433981734171,-0.9270297922092463,-0.42864955043808334,-0.10324204834419604,-0.16410228058311915,0,0.11322565453701117,0.08194667208915085,0.094480581974274,0.10008050610993413,0.09581084666417858,0.08669501025207182,0.12061715123861053,-0.0018327714670387518,0.6859342586043974
-1.864154123540927,-0.7642689646747993,-0.3497935764628153,-0.10656991707513441,-0.13866396756006516,-0.11322565453701117,0,0.050667689641290536,0.08510804569290542,0.09569878996757512,0.09145714469597044,0.08138888139508396,0.12184906735554375,-0.01826968946761731,0.7575228341128206
-1.605084632983836,-0.6453354188358812,-0.28996839909851035,-0.09259436021667344,-0.10933187492047362,-0.08194667208915085,-0.050667689641290536,0,0.1195484017445203,0.11821434013071741,0.10505362971419707,0.08906917933353231,0.1360853428983944,-0.029759252652435286,0.8585021404658963
-1.4193926040789215,-0.5702229878228297,-0.26156506620617864,-0.09798516852224282,-0.11188600662648529,-0.094480581974274,-0.08510804569290542,-0.1195484017445203,0,0.11688027851691452,0.09780624369903546,0.07890943852986965,0.14021957818686293,-0.059620783531826406,0.981661096919459
-1.2746690123498097,-0.5135551491595902,-0.24089581082199807,-0.10113435352135476,-0.11288486100457114,-0.10008050610993413,-0.09569878996757512,-0.11821434013071741,-0.11688027851691452,0,0.0787322088811564,0.05992401853634721,0.1479993447435124,-0.10374604904401163,1.1546172605999678
-1.1550753320029443,-0.46524148912865315,-0.22062536057939286,-0.09793404714418356,-0.10719275231733534,-0.09581084666417858,-0.09145714469597044,-0.10505362971419707,-0.09780624369903546,-0.0787322088811564,0,0.04111582819153803,0.1826329126746904,-0.16457213501906764,1.4235885235296708
-1.0538062862019073,-0.42282892303494163,-0.2006798569807423,-0.09083176977510288,-0.09775319172793573,-0.08669501025207182,-0.08138888139508396,-0.08906917933353231,-0.07890943852986965,-0.05992401853634721,-0.04111582819153803,0,0.32414999715784276,-0.2674161166243705,1.8844127553090484
-0.9930015954482353,-0.413858111591569,-0.21302687099845236,-0.11675601726207398,-0.1260527924066741,-0.12061715123861053,-0.12184906735554375,-0.1360853428983944,-0.14021957818686293,-0.1479993447435124,-0.1826329126746904,-0.32414999715784276,0,-0.8589822304065837,2.664544134384651
-0.8505413011517108,-0.30778808309172295,-0.11557149814344908,-0.019182192495208205,-0.01660445653853435,0.0018327714670387518,0.01826968946761731,0.029759252652435286,0.059620783531826406,0.10374604904401163,0.16457213501906764,0.2674161166243705,0.8589822304065837,0,6.188070499175886
-1.2317933867248663,-0.7601174997135817,-0.6216130815628188,-0.5799902203752698,-0.6337510608022695,-0.6859342586043974,-0.7575228341128206,-0.8585021404658963,-0.981661096919459,-1.1546172605999678,-1.4235885235296708,-1.8844127553090484,-2.664544134384651,-6.188070499175886,0
