0,4.618566855316072,4.296554988988007,3.080637867271763,2.3643587860282262,1.9147983954541874,2.4728603009160426
-4.618566855316072,0,3.9745431226599415,2.311673373249609,1.612956096265611,1.2388562804887164,2.0437189900360364
-4.296554988988007,-3.9745431226599415,0,0.6488036238392763,0.4321625830684459,0.3269606664316414,1.5610129568800604
-3.080637867271763,-2.311673373249609,-0.6488036238392763,0,0.21552154229761555,0.166039187727824,1.8650827345603218
-2.3643587860282262,-1.612956096265611,-0.4321625830684459,-0.21552154229761555,0,0.11655683315803245,2.689863330691675
-1.9147983954541874,-1.2388562804887164,-0.3269606664316414,-0.166039187727824,-0.11655683315803245,0,5.263169828225317
-2.4728603009160426,-2.0437189900360364,-1.5610129568800604,-1.8650827345603218,-2.689863330691675,-5.263169828225317,0
