0,4.508272781642862,4.2448862979201225,2.9282268521941663,2.2260180245121806,1.9634130475797105,1.8242235845642716
-4.508272781642862,0,3.9814998141973827,2.1382038874698184,1.4652664388019534,1.3271981140639224,1.2874137451485534
-4.2448862979201225,-3.9814998141973827,0,0.294907960742254,0.2071497511042386,0.4424308806861023,0.6138922278863461
-2.9282268521941663,-2.1382038874698184,-0.294907960742254,0,0.11939154146622322,0.5161923406580264,0.7202203169343768
-2.2260180245121806,-1.4652664388019534,-0.2071497511042386,-0.11939154146622322,0,0.9129931398498297,1.0206347046684536
-1.9634130475797105,-1.3271981140639224,-0.4424308806861023,-0.5161923406580264,-0.9129931398498297,0,1.1282762694870776
-1.8242235845642716,-1.2874137451485534,-0.6138922278863461,-0.7202203169343768,-1.0206347046684536,-1.1282762694870776,0
