0,4.642512131797194,4.087985176018213,3.154750818987343,2.4065649844970514,1.8851031507282432,1.6094379124341005
-4.642512131797194,0,3.5334582202392326,2.410870162582418,1.6612492687303373,1.1957509054610056,1.0028230685614818
-4.087985176018213,-3.5334582202392326,0,1.288282104925603,0.7251447929758896,0.4165151338682633,0.3701642806420442
-3.154750818987343,-2.410870162582418,-1.288282104925603,0,0.16200748102617624,-0.019368351660406624,0.06412500588085794
-2.4065649844970514,-1.6612492687303373,-0.7251447929758896,-0.16200748102617624,0,-0.20074418434698948,0.015183768308198786
-1.8851031507282432,-1.1957509054610056,-0.4165151338682633,0.019368351660406624,0.20074418434698948,0,0.23111172096338706
-1.6094379124341005,-1.0028230685614818,-0.3701642806420442,-0.06412500588085794,-0.015183768308198786,-0.23111172096338706,0
