0,4.577944848495577,4.222411459332083,3.203347373398414,2.259001546253932,1.812257676538786,1.3999016926266423
-4.577944848495577,0,3.866878070168588,2.5160486358498324,1.4860204455067167,1.1208358835495884,0.7642930614528554
-4.222411459332083,-3.866878070168588,0,1.1652192015310767,0.2955916331757811,0.20548848800992184,-0.011353190726077766
-3.203347373398414,-2.5160486358498324,-1.1652192015310767,0,-0.5740359351795146,-0.2743768687506556,-0.40354398814512926
-2.259001546253932,-1.4860204455067167,-0.2955916331757811,0.5740359351795146,0,0.02528219767820339,-0.3182980146279366
-1.812257676538786,-1.1208358835495884,-0.20548848800992184,0.2743768687506556,-0.02528219767820339,0,-0.6618782269340766
-1.3999016926266423,-0.7642930614528554,0.011353190726077766,0.40354398814512926,0.3182980146279366,0.6618782269340766,0
