0,4.59109964201131,4.187077730439133,3.2438959410672514,2.25859866331612,1.8066397750447538,1.8946599491200071
-4.59109964201131,0,3.7830558188669556,2.5702940905952225,1.48109833708439,1.110524808303115,1.3553720105417466
-4.187077730439133,-3.7830558188669556,0,1.3575323623234894,0.33011959619310716,0.21968113811516807,0.7484510584604442
-3.2438959410672514,-2.5702940905952225,-1.3575323623234894,0,-0.6972931699372751,-0.3492444739889926,0.5454239571727625
-2.25859866331612,-1.48109833708439,-0.33011959619310716,0.6972931699372751,0,-0.0011957780407101382,1.1667825207277813
-1.8066397750447538,-1.110524808303115,-0.21968113811516807,0.3492444739889926,0.0011957780407101382,0,2.334760819496273
-1.8946599491200071,-1.3553720105417466,-0.7484510584604442,-0.5454239571727625,-1.1667825207277813,-2.334760819496273,0
