0,4.472890659955005,4.289130205582344,3.107060850401082,2.4635410493012593,1.9993253514559501,2.839064397138746
-4.472890659955005,0,4.105369751209683,2.424145945624121,1.7937578457500107,1.3809340243311865,2.5122991445754943
-4.289130205582344,-4.105369751209683,0,0.7429221400385586,0.6379518930201744,0.4727887820383542,2.114031492916947
-3.107060850401082,-2.424145945624121,-0.7429221400385586,0,0.5329816460017902,0.337722103038252,2.5710679438764097
-2.4635410493012593,-1.7937578457500107,-0.6379518930201744,-0.5329816460017902,0,0.1424625600747138,3.5901110928137197
-1.9993253514559501,-1.3809340243311865,-0.4727887820383542,-0.337722103038252,-0.1424625600747138,0,7.0377596255527255
-2.839064397138746,-2.5122991445754943,-2.114031492916947,-2.5710679438764097,-3.5901110928137197,-7.0377596255527255,0
