0,0.7111455031293308,0.7112114375803518,0.7111219529915682,0.7114234239532493,0.7127820523463665,0.7153647654115375
-0.7111455031293308,0,0.7112773720313728,0.7111101779226869,0.7115160642278888,0.7131911896506254,0.7162086178679788
-0.7112114375803518,-0.7112773720313728,0,0.7109429838140011,0.7116354103261469,0.713829128857043,0.7174414293271304
-0.7111219529915682,-0.7111101779226869,-0.7109429838140011,0,0.7123278368382926,0.715272201378564,0.7196075778315069
-0.7114234239532493,-0.7115160642278888,-0.7116354103261469,-0.7123278368382926,0,0.7182165659188353,0.7232474483281139
-0.7127820523463665,-0.7131911896506254,-0.713829128857043,-0.715272201378564,-0.7182165659188353,0,0.7282783307373926
-0.7153647654115375,-0.7162086178679788,-0.7174414293271304,-0.7196075778315069,-0.7232474483281139,-0.7282783307373926,0
