0,0.7137922290972791,0.7139715194576454,0.7140819952812203,0.7137859461287082,0.7120754414941813,0.7066989611402567
-0.7137922290972791,0,0.7141508098180116,0.7142268783731909,0.7137838518058511,0.7116462445934069,0.7052803075488522
-0.7139715194576454,-0.7141508098180116,0,0.7143029469283702,0.713600372799771,0.7108113895185385,0.7030626819815624
-0.7140819952812203,-0.7142268783731909,-0.7143029469283702,0,0.7128977986711718,0.7090656108136228,0.6993159269992931
-0.7137859461287082,-0.7137838518058511,-0.713600372799771,-0.7128977986711718,0,0.7052334229560739,0.6925249911633538
-0.7120754414941813,-0.7116462445934069,-0.7108113895185385,-0.7090656108136228,-0.7052334229560739,0,0.6798165593706336
-0.7066989611402567,-0.7052803075488522,-0.7030626819815624,-0.6993159269992931,-0.6925249911633538,-0.6798165593706336,0
