0,3.1530256643058334,3.133301696770286,2.4095038863877822,1.7918907036669844,1.4428560878470795,1.0411885483546253
-3.1530256643058334,0,3.113577729234738,2.037742997428757,1.3381790501207014,1.015313693732391,0.6188211251643836
-3.133301696770286,-3.113577729234738,0,0.9619082656227755,0.4504797105636831,0.3158923485649421,-0.004868025853205005
-2.4095038863877822,-2.037742997428757,-0.9619082656227755,0,-0.06094884449540938,-0.007115609963974645,-0.32712678967853187
-1.7918907036669844,-1.3381790501207014,-0.4504797105636831,0.06094884449540938,0,0.04671762456746009,-0.4602157622700931
-1.4428560878470795,-1.015313693732391,-0.3158923485649421,0.007115609963974645,-0.04671762456746009,0,-0.9671491491076463
-1.0411885483546253,-0.6188211251643836,0.004868025853205005,0.32712678967853187,0.4602157622700931,0.9671491491076463,0
