0,3.0570971693055755,2.6838837427068913,2.3482403780184313,1.7143289205560168,1.3768077504729643,1.1918502562689777
-3.0570971693055755,0,2.310670316108207,1.9938119823748592,1.266739504306164,0.9567353957648115,0.8188008736616581
-2.6838837427068913,-2.310670316108207,0,1.6769536486415113,0.7447740984051423,0.5054237556503463,0.44583351305002084
-2.3482403780184313,-1.9938119823748592,-1.6769536486415113,0,-0.1874054518312267,-0.08034119084523628,0.03546013451952401
-1.7143289205560168,-1.266739504306164,-0.7447740984051423,0.1874054518312267,0,0.026723070140754146,0.14689292769489937
-1.3768077504729643,-0.9567353957648115,-0.5054237556503463,0.08034119084523628,-0.026723070140754146,0,0.2670627852490446
-1.1918502562689777,-0.8188008736616581,-0.44583351305002084,-0.03546013451952401,-0.14689292769489937,-0.2670627852490446,0
