0,3.3292116598895345,3.085902034715313,2.215130338171549,1.869052503896191,1.7548476588812256,1.3783888522474521
-3.3292116598895345,0,2.842592409541092,1.658089677312556,1.3823327852317433,1.3612566586291486,0.9882242907190356
-3.085902034715313,-2.842592409541092,0,0.47358694508402,0.6522029730770686,0.8674780749918339,0.5246322610135215
-2.215130338171549,-1.658089677312556,-0.47358694508402,0,0.8308190010701173,1.064423639945741,0.5416473663233553
-1.869052503896191,-1.3823327852317433,-0.6522029730770686,-0.8308190010701173,0,1.2980282788213646,0.39706154894997425
-1.7548476588812256,-1.3612566586291486,-0.8674780749918339,-1.064423639945741,-1.2980282788213646,0,-0.5039051809214161
-1.3783888522474521,-0.9882242907190356,-0.5246322610135215,-0.5416473663233553,-0.39706154894997425,0.5039051809214161,0
