0,2.399242847035481,2.308918367879746,1.9924942498625209,1.6477257073076441,1.4626440774180602,1.0729586082894003
-2.399242847035481,0,2.218593888724011,1.789119951276041,1.3972199940650318,1.2284943850137051,0.807701760540184
-2.308918367879746,-2.218593888724011,0,1.3596460138280708,0.9865330467355422,0.8984612171102698,0.45497872849422727
-1.9924942498625209,-1.789119951276041,-1.3596460138280708,0,0.6134200796430136,0.6678688187513693,0.15342296671627942
-1.6477257073076441,-1.3972199940650318,-0.9865330467355422,-0.6134200796430136,0,0.722317557859725,-0.07657558974708767
-1.4626440774180602,-1.2284943850137051,-0.8984612171102698,-0.6678688187513693,-0.722317557859725,0,-0.8754687373539003
-1.0729586082894003,-0.807701760540184,-0.45497872849422727,-0.15342296671627942,0.07657558974708767,0.8754687373539003,0
