0,0.19137521777573516,0.18986047551178498,0.18843524836085812,0.18723348095139342,0.18641966997149056,0.18620542920077973
-0.19137521777573516,0,0.1883457332478348,0.1869652636534196,0.18585290200994617,0.1851807830204294,0.18517147148578864
-0.18986047551178498,-0.1883457332478348,0,0.1855847940590044,0.18460648639100186,0.18412579961129427,0.1843779060452771
-0.18843524836085812,-0.1869652636534196,-0.1855847940590044,0,0.1836281787229993,0.1833963023874392,0.18397561004070132
-0.18723348095139342,-0.18585290200994617,-0.18460648639100186,-0.1836281787229993,0,0.1831644260518791,0.18414932569955234
-0.18641966997149056,-0.1851807830204294,-0.18412579961129427,-0.1833963023874392,-0.1831644260518791,0,0.18513422534722557
-0.18620542920077973,-0.18517147148578864,-0.1843779060452771,-0.18397561004070132,-0.18414932569955234,-0.18513422534722557,0
