0,0.22027184527850371,0.21884272655721612,0.21828152701724465,0.21820151136660543,0.21797372522809705,0.21669589703316613
-0.22027184527850371,0,0.21741360783592853,0.2172863678866151,0.21751140006263933,0.2173991952154954,0.2159807073840986
-0.21884272655721612,-0.21741360783592853,0,0.2171591279373017,0.21756029617599473,0.21739439100868432,0.2156224822711411
-0.21828152701724465,-0.2172863678866151,-0.2171591279373017,0,0.21796146441468778,0.21751202254437568,0.21511026704908762
-0.21820151136660543,-0.21751140006263933,-0.21756029617599473,-0.21796146441468778,0,0.2170625806740636,0.21368466836628752
-0.21797372522809705,-0.2173991952154954,-0.21739439100868432,-0.21751202254437568,-0.2170625806740636,0,0.21030675605851146
-0.21669589703316613,-0.2159807073840986,-0.2156224822711411,-0.21511026704908762,-0.21368466836628752,-0.21030675605851146,0
