0,0.19050132002747525,0.18871470347198596,0.18653682931648927,0.18400643319763008,0.181183279702703,0.17814516313504147
-0.19050132002747525,0,0.18692808691649668,0.18455458396099628,0.18184147092101502,0.17885376962150995,0.1756739317565547
-0.18871470347198596,-0.18692808691649668,0,0.18218108100549585,0.1792981629232742,0.17616233052318106,0.17286039296656924
-0.18653682931648927,-0.18455458396099628,-0.18218108100549585,0,0.17641524484105253,0.17315295528202362,0.16975349695359368
-0.18400643319763008,-0.18184147092101502,-0.1792981629232742,-0.17641524484105253,0,0.16989066572299472,0.16642262300986427
-0.181183279702703,-0.17885376962150995,-0.17616233052318106,-0.17315295528202362,-0.16989066572299472,0,0.16295458029673382
-0.17814516313504147,-0.1756739317565547,-0.17286039296656924,-0.16975349695359368,-0.16642262300986427,-0.16295458029673382,0
