0,1.38877450186125,1.38877726453751,1.392835082245215,1.402813877464636,1.4252023582695919,1.4878902079047973
-1.38877450186125,0,1.38878002721377,1.3948653724371973,1.4074936693324311,1.4343093223716772,1.5077133491135066
-1.38877726453751,-1.38878002721377,0,1.4009507176606246,1.4168504903917618,1.4494857540909798,1.5374466795884407
-1.392835082245215,-1.3948653724371973,-1.4009507176606246,0,1.432750263122899,1.473753272306157,1.5829453335643795
-1.402813877464636,-1.4074936693324311,-1.4168504903917618,-1.432750263122899,0,1.514756281489415,1.6580428687851199
-1.4252023582695919,-1.4343093223716772,-1.4494857540909798,-1.473753272306157,-1.514756281489415,0,1.8013294560808246
-1.4878902079047973,-1.5077133491135066,-1.5374466795884407,-1.5829453335643795,-1.6580428687851199,-1.8013294560808246,0
