0,1.3903483581392184,1.388289549620722,1.3902012672155566,1.3921410908354441,1.385351401416743,1.343227016298793
-1.3903483581392184,0,1.3862307411022254,1.3901277217537258,1.3927386684008527,1.3841021622361243,1.3338027479307077
-1.388289549620722,-1.3862307411022254,0,1.394024702405226,1.3959926320501663,1.383392635947424,1.3206957496378284
-1.3902012672155566,-1.3901277217537258,-1.394024702405226,0,1.3979605616951067,1.3780766027185227,1.296252765382029
-1.3921410908354441,-1.3927386684008527,-1.3959926320501663,-1.3979605616951067,0,1.3581926437419387,1.2453988672254903
-1.385351401416743,-1.3841021622361243,-1.383392635947424,-1.3780766027185227,-1.3581926437419387,0,1.132605090709042
-1.343227016298793,-1.3338027479307077,-1.3206957496378284,-1.296252765382029,-1.2453988672254903,-1.132605090709042,0
