0,0.446896664021139,0.4467977081444045,0.4466623224855369,0.446482236383977,0.4463043017591823,0.44613963362628634
-0.446896664021139,0,0.44669875226767003,0.4465451517177359,0.44634409383825635,0.44615621119369314,0.44598822754731576
-0.4467977081444045,-0.44669875226767003,0,0.4463915511678017,0.4461667646235495,0.4459753641690341,0.4458105963672272
-0.4466623224855369,-0.4465451517177359,-0.4463915511678017,0,0.44594197807929725,0.4457672706696504,0.4456169447670357
-0.446482236383977,-0.44634409383825635,-0.4461667646235495,-0.44594197807929725,0,0.4455925632600035,0.44545442811090497
-0.4463043017591823,-0.44615621119369314,-0.4459753641690341,-0.4457672706696504,-0.4455925632600035,0,0.4453162929618064
-0.44613963362628634,-0.44598822754731576,-0.4458105963672272,-0.4456169447670357,-0.44545442811090497,-0.4453162929618064,0
