0,0.4458636820189958,0.44577082323594935,0.44567255077838513,0.44561603977551306,0.4456346961016955,0.4457839425356252
-0.4458636820189958,0,0.4456779644529029,0.44557698515807975,0.4455334923610188,0.4455774496223704,0.4457679946389511
-0.44577082323594935,-0.4456779644529029,0,0.44547600586325664,0.44546125631507677,0.44554394467885955,0.4457905021854631
-0.44567255077838513,-0.44557698515807975,-0.44547600586325664,0,0.4454465067668969,0.44557791408666103,0.4458953342928653
-0.44561603977551306,-0.4455334923610188,-0.44546125631507677,-0.4454465067668969,0,0.44570932140642516,0.44611974805584953
-0.4456346961016955,-0.4455774496223704,-0.44554394467885955,-0.44557791408666103,-0.44570932140642516,0,0.4465301747052739
-0.4457839425356252,-0.4457679946389511,-0.4457905021854631,-0.4458953342928653,-0.44611974805584953,-0.4465301747052739,0
