0,1.8604366334129445,1.8629139801429087,1.868408765361161,1.8248905219429414,1.8089538875838749,1.6012070415706432
-1.8604366334129445,0,1.8653913268728728,1.8723948313352694,1.813041818119607,1.7960832011266075,1.5493611232021829
-1.8629139801429087,-1.8653913268728728,0,1.8793983357976658,1.7868670637429742,1.7729804925445187,1.4703535722845102
-1.868408765361161,-1.8723948313352694,-1.8793983357976658,0,1.6943357916882826,1.7197715709179455,1.3340053177801252
-1.8248905219429414,-1.813041818119607,-1.7868670637429742,-1.6943357916882826,0,1.7452073501476084,1.1538400808260465
-1.8089538875838749,-1.7960832011266075,-1.7729804925445187,-1.7197715709179455,-1.7452073501476084,0,0.5624728115044846
-1.6012070415706432,-1.5493611232021829,-1.4703535722845102,-1.3340053177801252,-1.1538400808260465,-0.5624728115044846,0
