0,1.8327727110265717,1.8326846568964035,1.8330018438201854,1.839805904013465,1.8536163191233548,1.892704909302541
-1.8327727110265717,0,1.8325966027662353,1.8331164102169921,1.842150301675763,1.8588272211475507,1.9046913489577348
-1.8326846568964035,-1.8325966027662353,0,1.833636217667749,1.8469271511305267,1.867570760607989,1.9227150355056097
-1.8330018438201854,-1.8331164102169921,-1.833636217667749,0,1.8602180845933045,1.884538032078109,1.9524079747848966
-1.839805904013465,-1.842150301675763,-1.8469271511305267,-1.8602180845933045,0,1.9088579795629137,1.9985029198806927
-1.8536163191233548,-1.8588272211475507,-1.867570760607989,-1.884538032078109,-1.9088579795629137,0,2.0881478601984718
-1.892704909302541,-1.9046913489577348,-1.9227150355056097,-1.9524079747848966,-1.9985029198806927,-2.0881478601984718,0
