0,1.833757698962637,1.8323135561762234,1.8295786199379558,1.827562944044783,1.810349420160403,1.7697253699609707
-1.833757698962637,0,1.8308694133898098,1.8274890804256152,1.8254980257388318,1.8044973504598443,1.7569189041606375
-1.8323135561762234,-1.8308694133898098,0,1.8241087474614206,1.8228123319133425,1.7957066628165226,1.7384312768533445
-1.8295786199379558,-1.8274890804256152,-1.8241087474614206,0,1.8215159163652643,1.7815056204940736,1.709872119983986
-1.827562944044783,-1.8254980257388318,-1.8228123319133425,-1.8215159163652643,0,1.7414953246228828,1.6540502217933466
-1.810349420160403,-1.8044973504598443,-1.7957066628165226,-1.7815056204940736,-1.7414953246228828,0,1.5666051189638104
-1.7697253699609707,-1.7569189041606375,-1.7384312768533445,-1.709872119983986,-1.6540502217933466,-1.5666051189638104,0
