0,1.833939360214224,1.8352907166434627,1.8368034304560938,1.8344345598580336,1.829383006539139,1.7687831794151003
-1.833939360214224,0,1.8366420730727013,1.838235465577029,1.8345996264059703,1.8282439181203678,1.7557519432552755
-1.8352907166434627,-1.8366420730727013,0,1.8398288580813564,1.8335784030726046,1.8254445331362568,1.7355294108009192
-1.8368034304560938,-1.838235465577029,-1.8398288580813564,0,1.8273279480638527,1.8182523706637066,1.7007629283741066
-1.8344345598580336,-1.8345996264059703,-1.8335784030726046,-1.8273279480638527,0,1.8091767932635605,1.6374804185292335
-1.829383006539139,-1.8282439181203678,-1.8254445331362568,-1.8182523706637066,-1.8091767932635605,0,1.4657840437949066
-1.7687831794151003,-1.7557519432552755,-1.7355294108009192,-1.7007629283741066,-1.6374804185292335,-1.4657840437949066,0
