0,1.7977614451036896,1.7573129559767515,1.671748635551313,1.522832270565505,1.492808655364977,1.6094379124341005
-1.7977614451036896,0,1.7168644668498134,1.6087422307751247,1.4311892123861103,1.416570457930299,1.5717732059001828
-1.7573129559767515,-1.7168644668498134,0,1.5006199947004357,1.2883515851542586,1.3164724549571274,1.5355003906627749
-1.671748635551313,-1.6087422307751247,-1.5006199947004357,0,1.0760831756080815,1.2243986850854731,1.547127189316888
-1.522832270565505,-1.4311892123861103,-1.2883515851542586,-1.0760831756080815,0,1.3727141945628647,1.7826491961712914
-1.492808655364977,-1.416570457930299,-1.3164724549571274,-1.2243986850854731,-1.3727141945628647,0,2.192584197779718
-1.6094379124341005,-1.5717732059001828,-1.5355003906627749,-1.547127189316888,-1.7826491961712914,-2.192584197779718,0
