0,1.8188223887777442,1.7871805003356722,1.755787160809197,1.6705935581819338,1.3522121799662667,1.4228993164556263
-1.8188223887777442,0,1.7555386118936003,1.7242695468249236,1.6211839479833303,1.2355596277633973,1.3437147019912028
-1.7871805003356722,-1.7555386118936003,0,1.693000481756247,1.5540066160281953,1.0622332997199964,1.2407587245156033
-1.755787160809197,-1.7242695468249236,-1.693000481756247,0,1.4150127503001437,0.7468497087018711,1.0900114721020555
-1.6705935581819338,-1.6211839479833303,-1.5540066160281953,-1.4150127503001437,0,0.0786866671035984,0.9275108330030113
-1.3522121799662667,-1.2355596277633973,-1.0622332997199964,-0.7468497087018711,-0.0786866671035984,0,1.7763349989024242
-1.4228993164556263,-1.3437147019912028,-1.2407587245156033,-1.0900114721020555,-0.9275108330030113,-1.7763349989024242,0
