0,1.7488839047267433,1.7017840949040788,1.6810803779483903,1.5865211153026444,1.6905309340557335,1.2432338162113972
-1.7488839047267433,0,1.6546842850814143,1.6471786145592135,1.5324001854946114,1.675942691387981,1.139191747804075
-1.7017840949040788,-1.6546842850814143,0,1.639672944037013,1.47125813570121,1.6830288268235032,0.9878020263529184
-1.6810803779483903,-1.6471786145592135,-1.639672944037013,0,1.302843327365407,1.7047067682167483,0.7482303715250479
-1.5865211153026444,-1.5324001854946114,-1.47125813570121,-1.302843327365407,0,2.1065702090680896,0.6313828420837138
-1.6905309340557335,-1.675942691387981,-1.6830288268235032,-1.7047067682167483,-2.1065702090680896,0,0.9273405680607398
-1.2432338162113972,-1.139191747804075,-0.9878020263529184,-0.7482303715250479,-0.6313828420837138,-0.9273405680607398,0
