0,1.758429147339714,1.767775985081153,1.8544764675615826,1.8167751128691871,1.4137413620079797,2.0715360328073973
-1.758429147339714,0,1.777122822822592,1.9025001276725169,1.836223768045678,1.3275694156750462,2.1341574099009337
-1.767775985081153,-1.777122822822592,0,2.027877432522442,1.8657742406572213,1.1777182799591976,2.2234160566705192
-1.8544764675615826,-1.9025001276725169,-2.027877432522442,0,1.7036710487920006,0.7526387036775755,2.2885955980532118
-1.8167751128691871,-1.836223768045678,-1.8657742406572213,-1.7036710487920006,0,-0.19839364143684968,2.581057872683817
-1.4137413620079797,-1.3275694156750462,-1.1777182799591976,-0.7526387036775755,0.19839364143684968,0,5.360509386804484
-2.0715360328073973,-2.1341574099009337,-2.2234160566705192,-2.2885955980532118,-2.581057872683817,-5.360509386804484,0
