0,1.924427234885726,1.909053868727531,1.8356883458595048,1.786249438668962,1.510549483531007,2.0715360328073973
-1.924427234885726,0,1.8936805025693357,1.7913189013463942,1.7401901732633742,1.4070800456923274,2.100957792391731
-1.909053868727531,-1.8936805025693357,0,1.6889573001234526,1.6634450086103931,1.2448798933999912,2.1527771148473303
-1.8356883458595048,-1.7913189013463942,-1.6889573001234526,0,1.6379327170973337,1.0228411900382604,2.3073837197552893
-1.786249438668962,-1.7401901732633742,-1.6634450086103931,-1.6379327170973337,0,0.407749662979187,2.6421092210842674
-1.510549483531007,-1.4070800456923274,-1.2448798933999912,-1.0228411900382604,-0.407749662979187,0,4.876468779189348
-2.0715360328073973,-2.100957792391731,-2.1527771148473303,-2.3073837197552893,-2.6421092210842674,-4.876468779189348,0
