0,1.9327563738552793,2.00966307375208,1.9957179505069658,1.5993924650258924,1.2191281158716296,0.9060335123185705
-1.9327563738552793,0,2.086569773648881,2.027198738832809,1.4882711620827633,1.0407210513757172,0.7006889400112287
-2.00966307375208,-2.086569773648881,0,1.9678277040167371,1.1891218562997046,0.692104810617996,0.3542187316018157
-1.9957179505069658,-2.027198738832809,-1.9678277040167371,0,0.410416008582672,0.0542433639186255,-0.18365092586982476
-1.5993924650258924,-1.4882711620827633,-1.1891218562997046,-0.410416008582672,0,-0.301929280745421,-0.48068439309607314
-1.2191281158716296,-1.0407210513757172,-0.692104810617996,-0.0542433639186255,0.301929280745421,0,-0.6594395054467252
-0.9060335123185705,-0.7006889400112287,-0.3542187316018157,0.18365092586982476,0.48068439309607314,0.6594395054467252,0
