0,1.7706283130525973,1.6994759523168845,1.6901072020876358,1.5984336910799068,1.4786692863139173,2.0715360328073973
-1.7706283130525973,0,1.6283235915811718,1.649846646605155,1.5410354837556766,1.4056795296292472,2.131717576758357
-1.6994759523168845,-1.6283235915811718,0,1.6713697016291382,1.4973914298429292,1.331464842311939,2.2575660730526534
-1.6901072020876358,-1.649846646605155,-1.6713697016291382,0,1.32341315805672,1.1615124126533396,2.4529648635271584
-1.5984336910799068,-1.5410354837556766,-1.4973914298429292,-1.32341315805672,0,0.9996116672499591,3.0177407162623777
-1.4786692863139173,-1.4056795296292472,-1.331464842311939,-1.1615124126533396,-0.9996116672499591,0,5.035869765274796
-2.0715360328073973,-2.131717576758357,-2.2575660730526534,-2.4529648635271584,-3.0177407162623777,-5.035869765274796,0
