0,10.895673493746974,5.786997759655168,3.8158824058325522,2.9935519422765346,2.421528014549009,1.7504779268830621
-10.895673493746974,0,0.6783220255633609,0.2759868618753414,0.3595114251197214,0.3029916447495178,-0.07856118648972021
-5.786997759655168,-0.6783220255633609,0,-0.1263483018126781,0.2001061248979017,0.1778815178115701,-0.2677819895029905
-3.8158824058325522,-0.2759868618753414,0.1263483018126781,0,0.5265605516084815,0.3299964276236942,-0.31492655206642794
-2.9935519422765346,-0.3595114251197214,-0.2001061248979017,-0.5265605516084815,0,0.1334323036389069,-0.7356701039038827
-2.421528014549009,-0.3029916447495178,-0.1778815178115701,-0.3299964276236942,-0.1334323036389069,0,-1.6047725114466722
-1.7504779268830621,0.07856118648972021,0.2677819895029905,0.31492655206642794,0.7356701039038827,1.6047725114466722,0
