0,12.390668787232144,5.859750185422449,3.8052541524191987,2.936112677855874,2.3972182844885306,1.7031170890118046
-12.390668787232144,0,-0.6711684163872462,-0.487453164987274,-0.2154060252695492,-0.1011443411973727,-0.4343932506322634
-5.859750185422449,0.6711684163872462,0,-0.30373791358730173,0.012475170289299342,0.08886368386591847,-0.3751994591935177
-3.8052541524191987,0.487453164987274,0.30373791358730173,0,0.3286882541659004,0.2851644825925286,-0.3990199743955897
-2.936112677855874,0.2154060252695492,-0.012475170289299342,-0.3286882541659004,0,0.24164071101915674,-0.7628740886763348
-2.3972182844885306,0.1011443411973727,-0.08886368386591847,-0.2851644825925286,-0.24164071101915674,0,-1.7673888883718263
-1.7031170890118046,0.4343932506322634,0.3751994591935177,0.3990199743955897,0.7628740886763348,1.7673888883718263,0
