0,11.328156904533222,5.597022579090684,3.886676565366294,2.981716597889859,2.2697569702227245,2.205028555006439
-11.328156904533222,0,-0.13411174635185397,0.16593639578282993,0.19956982900873813,0.0051569866451002255,0.38040288510108233
-5.597022579090684,0.13411174635185397,0,0.4659845379175138,0.3664106166890342,0.05157989764408496,0.5090315429643164
-3.886676565366294,-0.16593639578282993,-0.4659845379175138,0,0.26683669546055455,-0.15562242249262948,0.5233805446465839
-2.981716597889859,-0.19956982900873813,-0.3664106166890342,-0.26683669546055455,0,-0.5780815404458135,0.6516524692395986
-2.2697569702227245,-0.0051569866451002255,-0.05157989764408496,0.15562242249262948,0.5780815404458135,0,1.8813864789250108
-2.205028555006439,-0.38040288510108233,-0.5090315429643164,-0.5233805446465839,-0.6516524692395986,-1.8813864789250108,0
