0,11.513525645042261,5.659882541630996,3.7784807536055087,2.884695555395011,2.24956938774566,2.210041180794619
-11.513525645042261,0,-0.19376056178026957,-0.08904169211286739,0.00841885884592782,-0.0664196765784899,0.34934428794509065
-5.659882541630996,0.19376056178026957,0,0.015677177554534794,0.10950856915902651,-0.023972714844563352,0.48512050037643073
-3.7784807536055087,0.08904169211286739,-0.015677177554534794,0,0.20333996076351823,-0.043797661044112424,0.6416016079837293
-2.884695555395011,-0.00841885884592782,-0.10950856915902651,-0.20333996076351823,0,-0.2909352828517431,0.860732431593835
-2.24956938774566,0.0664196765784899,0.023972714844563352,0.043797661044112424,0.2909352828517431,0,2.012400146039413
-2.210041180794619,-0.34934428794509065,-0.48512050037643073,-0.6416016079837293,-0.860732431593835,-2.012400146039413,0
