0,11.221535276087907,5.898934977345014,4.024942287641118,2.872639701837399,2.2759366561658227,1.9476815139965697
-11.221535276087907,0,0.5763346786021213,0.42664579341772324,0.08967451042056258,0.03953700118530179,0.09291076157830211
-5.898934977345014,-0.5763346786021213,0,0.2769569082333252,-0.15365557367021676,-0.13939555795363803,-0.02794521767765268
-4.024942287641118,-0.42664579341772324,-0.2769569082333252,0,-0.5842680555737587,-0.34757179104711966,-0.12957925964797865
-2.872639701837399,-0.08967451042056258,0.15365557367021676,0.5842680555737587,0,-0.1108755265204806,0.0977651383149114
-2.2759366561658227,-0.03953700118530179,0.13939555795363803,0.34757179104711966,0.1108755265204806,0,0.3064058031503034
-1.9476815139965697,-0.09291076157830211,0.02794521767765268,0.12957925964797865,-0.0977651383149114,-0.3064058031503034,0
