0,1.0234631444002344,1.0225530385295571,1.0220599125550585,1.0223557194492512,1.0236327741044964,1.0284356443155953
-1.0234631444002344,0,1.0216429326588798,1.0213582966324706,1.0219865777989234,1.0236751815305618,1.0294301442986673
-1.0225530385295571,-1.0216429326588798,0,1.0210736606060613,1.0221584003689452,1.0243525978211225,1.0313769472086143
-1.0220599125550585,-1.0213582966324706,-1.0210736606060613,0,1.0232431401318292,1.025992066428653,1.034811376076132
-1.0223557194492512,-1.0219865777989234,-1.0221584003689452,-1.0232431401318292,0,1.028740992725477,1.0405954940482833
-1.0236327741044964,-1.0236751815305618,-1.0243525978211225,-1.025992066428653,-1.028740992725477,0,1.0524499953710897
-1.0284356443155953,-1.0294301442986673,-1.0313769472086143,-1.034811376076132,-1.0405954940482833,-1.0524499953710897,0
