0,1.0647830062704562,1.0718092996321702,1.0683703320974958,1.0520239341912785,1.036047615696487,1.0729586082894003
-1.0647830062704562,0,1.0788355929938842,1.0701639950110153,1.0477709101648858,1.0288637680529948,1.074593728693189
-1.0718092996321702,-1.0788355929938842,0,1.0614923970281467,1.0322385687503868,1.0122064930726984,1.0735332626180152
-1.0683703320974958,-1.0701639950110153,-1.0614923970281467,0,1.0029847404726269,0.9875635410949744,1.0775468844813048
-1.0520239341912785,-1.0477709101648858,-1.0322385687503868,-1.0029847404726269,0,0.9721423417173218,1.1148279564856436
-1.036047615696487,-1.0288637680529948,-1.0122064930726984,-0.9875635410949744,-0.9721423417173218,0,1.2575135712539653
-1.0729586082894003,-1.074593728693189,-1.0735332626180152,-1.0775468844813048,-1.1148279564856436,-1.2575135712539653,0
