0,1.0030203303852512,0.9888835857581559,0.951181815833385,0.8834925512325797,0.7954118856551964,0.7481053949566899
-1.0030203303852512,0,0.9747468411310607,0.925262558557452,0.8436499581816893,0.7435097744726826,0.6971224078709778
-0.9888835857581559,-0.9747468411310607,0,0.8757782759838433,0.7781015167070036,0.6664307522532233,0.627716299555957
-0.951181815833385,-0.925262558557452,-0.8757782759838433,0,0.6804247574301638,0.5617569903879134,0.5450289740799948
-0.8834925512325797,-0.8436499581816893,-0.7781015167070036,-0.6804247574301638,0,0.4430892233456629,0.4773310824049104
-0.7954118856551964,-0.7435097744726826,-0.6664307522532233,-0.5617569903879134,-0.4430892233456629,0,0.5115729414641579
-0.7481053949566899,-0.6971224078709778,-0.627716299555957,-0.5450289740799948,-0.4773310824049104,-0.5115729414641579,0
