0,1.0620855857191815,1.0651827503856464,1.0800978519140882,1.0710230057294705,1.0624291748969141,1.056695220232923
-1.0620855857191815,0,1.0682799150521112,1.0891039850115418,1.0740021457329003,1.0625150721913474,1.0556171471356712
-1.0651827503856464,-1.0682799150521112,0,1.1099280549709722,1.0768632610732947,1.060593457904426,1.0524514551565614
-1.0800978519140882,-1.0891039850115418,-1.1099280549709722,0,1.043798467175617,1.035926159371153,1.0332925885517577
-1.0710230057294705,-1.0740021457329003,-1.0768632610732947,-1.043798467175617,0,1.028053851566689,1.0280396492398278
-1.0624291748969141,-1.0625150721913474,-1.060593457904426,-1.035926159371153,-1.028053851566689,0,1.0280254469129666
-1.056695220232923,-1.0556171471356712,-1.0524514551565614,-1.0332925885517577,-1.0280396492398278,-1.0280254469129666,0
