0,3.2200649482619337,3.2214077915826143,3.244570791136925,2.8253238517361443,2.3946834286531216,1.9944987924862685
-3.2200649482619337,0,3.222750634903295,3.2568237125744206,2.693743486227548,2.1883380487509188,1.7493855613311353
-3.2214077915826143,-3.222750634903295,0,3.2908967902455464,2.4292399118896744,1.8435338533667933,1.3810442929380955
-3.244570791136925,-3.2568237125744206,-3.2908967902455464,0,1.5675830335338024,1.119852384927417,0.7444267938356118
-2.8253238517361443,-2.693743486227548,-2.4292399118896744,-1.5675830335338024,0,0.6721217363210314,0.33284867398651663
-2.3946834286531216,-2.1883380487509188,-1.8435338533667933,-1.119852384927417,-0.6721217363210314,0,-0.006424388347998189
-1.9944987924862685,-1.7493855613311353,-1.3810442929380955,-0.7444267938356118,-0.33284867398651663,0.006424388347998189,0
