0,3.2040505953354885,3.1977532941282085,3.179994844351011,2.784230302086346,2.2156433197695997,2.0748861447585645
-3.2040505953354885,0,3.1914559929209285,3.1679669688587726,2.6442902043366323,1.9685415008781275,1.8490532546431797
-3.1977532941282085,-3.1914559929209285,0,3.1444779447966162,2.3707073100444838,1.5609033368638603,1.5134525700737425
-3.179994844351011,-3.1679669688587726,-3.1444779447966162,0,1.5969366752923513,0.7691160328974824,0.9697774451661179
-2.784230302086346,-2.6442902043366323,-2.3707073100444838,-1.5969366752923513,0,-0.05870460949738643,0.6561978301030011
-2.2156433197695997,-1.9685415008781275,-1.5609033368638603,-0.7691160328974824,0.05870460949738643,0,1.3711002697033887
-2.0748861447585645,-1.8490532546431797,-1.5134525700737425,-0.9697774451661179,-0.6561978301030011,-1.3711002697033887,0
