0,3.225741266505461,3.2392212621905103,3.1434693861029532,3.013969875177492,2.313767989386397,1.8966265231624033
-3.225741266505461,0,3.2527012578755596,3.1023334459016993,2.943379411401503,2.0857746701066313,1.6308035744937919
-3.2392212621905103,-3.2527012578755596,0,2.9519656339278386,2.788718488164474,1.6967991408503218,1.2253291536483497
-3.1434693861029532,-3.1023334459016993,-2.9519656339278386,0,2.6254713424011094,1.0692158943115633,0.6497836602218534
-3.013969875177492,-2.943379411401503,-2.788718488164474,-2.6254713424011094,0,-0.4870395537779828,-0.33806018086777456
-2.313767989386397,-2.0857746701066313,-1.6967991408503218,-1.0692158943115633,0.4870395537779828,0,-0.18908080795756632
-1.8966265231624033,-1.6308035744937919,-1.2253291536483497,-0.6497836602218534,0.33806018086777456,0.18908080795756632,0
