0,0.446134085764222,0.4460731120620065,0.44593328231210777,0.4456959688803945,0.44533093324676437,0.44478242683238123
-0.446134085764222,0,0.44601213835979103,0.44583288058605064,0.4455499299191186,0.44513014511739996,0.44451209504601313
-0.4460731120620065,-0.44601213835979103,0,0.44565362281231025,0.44531882569878245,0.44483614736993626,0.4441370842175686
-0.44593328231210777,-0.44583288058605064,-0.44565362281231025,0,0.44498402858525465,0.44442740964874927,0.4436315713526547
-0.4456959688803945,-0.4455499299191186,-0.44531882569878245,-0.44498402858525465,0,0.4438707907122439,0.44295534273635473
-0.44533093324676437,-0.44513014511739996,-0.44483614736993626,-0.44442740964874927,-0.4438707907122439,0,0.44203989476046557
-0.44478242683238123,-0.44451209504601313,-0.4441370842175686,-0.4436315713526547,-0.44295534273635473,-0.44203989476046557,0
