0,0.4450788226646215,0.4451419158391991,0.4452282598553801,0.44531585010725305,0.4453475460980078,0.44528407628935934
-0.4450788226646215,0,0.4452050090137767,0.44530297845075945,0.44539485925479694,0.4454147269563544,0.44532512701430693
-0.4451419158391991,-0.4452050090137767,0,0.4454009478877422,0.445489784375307,0.4454846329372136,0.44535515651443947
-0.4452282598553801,-0.44530297845075945,-0.4454009478877422,0,0.4455786208628718,0.44552647546194935,0.44533989272333857
-0.44531585010725305,-0.44539485925479694,-0.445489784375307,-0.4455786208628718,0,0.4454743300610269,0.445220528653572
-0.4453475460980078,-0.4454147269563544,-0.4454846329372136,-0.44552647546194935,-0.4454743300610269,0,0.4449667272461171
-0.44528407628935934,-0.44532512701430693,-0.44535515651443947,-0.44533989272333857,-0.445220528653572,-0.4449667272461171,0
