0,0.44528105310037347,0.4452768962506242,0.4452422240843617,0.44528111477204607,0.4455517760645997,0.4462642152305932
-0.44528105310037347,0,0.445272739400875,0.44522280957635585,0.4452811353292703,0.4456194568056563,0.4464608476566371
-0.4452768962506242,-0.445272739400875,0,0.4451728797518367,0.4452853332934679,0.4457350292739168,0.4467578747205777
-0.4452422240843617,-0.44522280957635585,-0.4451728797518367,0,0.4453977868350991,0.44601610403495673,0.44728620637682465
-0.44528111477204607,-0.4452811353292703,-0.4452853332934679,-0.4453977868350991,0,0.44663442123481434,0.44823041614768744
-0.4455517760645997,-0.4456194568056563,-0.4457350292739168,-0.44601610403495673,-0.44663442123481434,0,0.44982641106056054
-0.4462642152305932,-0.4464608476566371,-0.4467578747205777,-0.44728620637682465,-0.44823041614768744,-0.44982641106056054,0
