0,0.4464751331060834,0.44655639206416897,0.4465616659490541,0.4465082821875809,0.4464515315311884,0.4464270042160669
-0.4464751331060834,0,0.44663765102225456,0.44660493237053944,0.44651933188141335,0.4464456311374646,0.44641737843806356
-0.44655639206416897,-0.44663765102225456,0,0.4465722137188244,0.4464601723109928,0.4463816245092013,0.44636231029201584
-0.4465616659490541,-0.44660493237053944,-0.4465722137188244,0,0.44634813090316117,0.44628632990438977,0.44629234248307964
-0.4465082821875809,-0.44651933188141335,-0.4464601723109928,-0.44634813090316117,0,0.44622452890561837,0.4462644482730389
-0.4464515315311884,-0.4464456311374646,-0.4463816245092013,-0.44628632990438977,-0.44622452890561837,0,0.44630436764045944
-0.4464270042160669,-0.44641737843806356,-0.44636231029201584,-0.44629234248307964,-0.4462644482730389,-0.44630436764045944,0
