0,4.598162609108074,4.648070903892702,4.443477621813851,3.4736131900762235,2.815406408867136,2.548633275157606
-4.598162609108074,0,4.69797919867733,4.366135128166739,3.098763383732274,2.369717358806901,2.1387274083675125
-4.648070903892702,-4.69797919867733,0,4.034291057656148,2.2991554762597453,1.593630078850092,1.4989144607900582
-4.443477621813851,-4.366135128166739,-4.034291057656148,0,0.5640198948633426,0.3732995894470639,0.6537889285013616
-3.4736131900762235,-3.098763383732274,-2.2991554762597453,-0.5640198948633426,0,0.18257928403078516,0.6986734453203711
-2.815406408867136,-2.369717358806901,-1.593630078850092,-0.3732995894470639,-0.18257928403078516,0,1.214767606609957
-2.548633275157606,-2.1387274083675125,-1.4989144607900582,-0.6537889285013616,-0.6986734453203711,-1.214767606609957,0
