0,4.598184036921529,4.626377187368001,4.39008978752508,3.3670300590946147,2.8289472362983874,2.438073629141295
-4.598184036921529,0,4.654570337814473,4.286042662826857,2.9566453998189766,2.386638036142602,2.0060515475852485
-4.626377187368001,-4.654570337814473,0,3.9175149878392403,2.1076829308212286,1.630660602251978,1.3439218500279422
-4.39008978752508,-4.286042662826857,-3.9175149878392403,0,0.29785087380321684,0.48723340945834703,0.48605747075750944
-3.3670300590946147,-2.9566453998189766,-2.1076829308212286,-0.29785087380321684,0,0.6766159451134772,0.5801607692346558
-2.8289472362983874,-2.386638036142602,-1.630660602251978,-0.48723340945834703,-0.6766159451134772,0,0.4837055933558343
-2.438073629141295,-2.0060515475852485,-1.3439218500279422,-0.48605747075750944,-0.5801607692346558,-0.4837055933558343,0
