0,4.592571953032898,4.56049753823613,4.460783376797802,3.4887641242507916,2.874587980914442,3.152933910424894
-4.592571953032898,0,4.528423123439362,4.394889088680253,3.120828181323423,2.4450919878848283,2.8650063019032936
-4.56049753823613,-4.528423123439362,0,4.261355053921145,2.417030710265453,1.750648276033317,2.4491520965192763
-4.460783376797802,-4.394889088680253,-4.261355053921145,0,0.5727063666097614,0.49529488708940317,1.845084444051987
-3.4887641242507916,-3.120828181323423,-2.417030710265453,-0.5727063666097614,0,0.41788340756904496,2.4812734827730996
-2.874587980914442,-2.4450919878848283,-1.750648276033317,-0.49529488708940317,-0.41788340756904496,0,4.544663557977154
-3.152933910424894,-2.8650063019032936,-2.4491520965192763,-1.845084444051987,-2.4812734827730996,-4.544663557977154,0
