0,0.44721831450915006,0.4483935285841726,0.44930219440747515,0.44996712734087324,0.45040922561495556,0.4506438608307937
-0.44721831450915006,0,0.4495687426591951,0.4503441343566377,0.450883398284781,0.45120695339140693,0.45132897009512246
-0.4483935285841726,-0.4495687426591951,0,0.45111952605408034,0.4515407260975739,0.4517530236354776,0.4517690269541043
-0.44930219440747515,-0.4503441343566377,-0.45111952605408034,0,0.45196192614106745,0.4520697724261762,0.4519855272541123
-0.44996712734087324,-0.450883398284781,-0.4515407260975739,-0.45196192614106745,0,0.4521776187112849,0.45199732781063473
-0.45040922561495556,-0.45120695339140693,-0.4517530236354776,-0.4520697724261762,-0.4521776187112849,0,0.45181703690998454
-0.4506438608307937,-0.45132897009512246,-0.4517690269541043,-0.4519855272541123,-0.45199732781063473,-0.45181703690998454,0
