0,0.4441357249601635,0.44374109929340155,0.44354366856990396,0.4436386339606455,0.4442603688681051,0.4460125575188674
-0.4441357249601635,0,0.4433464736266396,0.4432476403747742,0.44347293696080614,0.44429152984509046,0.44638792403060823
-0.44374109929340155,-0.4433464736266396,0,0.4431488071229088,0.44353616862788947,0.4446065485845741,0.4471482866316004
-0.44354366856990396,-0.4432476403747742,-0.4431488071229088,0,0.4439235301328701,0.44533541931540677,0.4484814464678309
-0.4436386339606455,-0.44347293696080614,-0.44353616862788947,-0.4439235301328701,0,0.4467473084979434,0.4507604046353113
-0.4442603688681051,-0.44429152984509046,-0.4446065485845741,-0.44533541931540677,-0.4467473084979434,0,0.4547735007726792
-0.4460125575188674,-0.44638792403060823,-0.4471482866316004,-0.4484814464678309,-0.4507604046353113,-0.4547735007726792,0
