0,0.4454508296937922,0.44567841871762026,0.4460009168215848,0.446562062026226,0.4473735751083976,0.4481538925059858
-0.4454508296937922,0,0.44590600774144834,0.4462759603854811,0.4469324728037039,0.44785426146204893,0.44869450506842457
-0.44567841871762026,-0.44590600774144834,0,0.44664591302951395,0.44744570533483174,0.44850367936891583,0.4493916294001686
-0.4460009168215848,-0.4462759603854811,-0.44664591302951395,0,0.44824549764014954,0.44943256253861674,0.4503068681903868
-0.446562062026226,-0.4469324728037039,-0.44744570533483174,-0.44824549764014954,0,0.45061962743708395,0.4513375534655054
-0.4473735751083976,-0.44785426146204893,-0.44850367936891583,-0.44943256253861674,-0.45061962743708395,0,0.4520554794939269
-0.4481538925059858,-0.44869450506842457,-0.4493916294001686,-0.4503068681903868,-0.4513375534655054,-0.4520554794939269,0
