0,13.0364303594126,5.919767515673014,3.8914636106709426,2.766803632073384,2.359440003257734,2.0584624617563034
-13.0364303594126,0,-1.1968953280665726,-0.6810197636998865,-0.6564052770396879,-0.30980758578098255,-0.13713111777495576
-5.919767515673014,1.1968953280665726,0,-0.16514419933320035,-0.38616025152624545,-0.014111671685785865,0.12780993479794844
-3.8914636106709426,0.6810197636998865,0.16514419933320035,0,-0.6071763037192905,0.06140459213792138,0.2254613128416647
-2.766803632073384,0.6564052770396879,0.38616025152624545,0.6071763037192905,0,0.7299854879951333,0.6417801211221423
-2.359440003257734,0.30980758578098255,0.014111671685785865,-0.06140459213792138,-0.7299854879951333,0,0.5535747542491514
-2.0584624617563034,0.13713111777495576,-0.12780993479794844,-0.2254613128416647,-0.6417801211221423,-0.5535747542491514,0
