0,0.21108692344766156,0.2110871316842192,0.21108029099898742,0.21108061274107826,0.21110594145960754,0.21117859258630997
-0.21108692344766156,0,0.21108733992077683,0.21107697477465037,0.21107850917221715,0.21111069596259402,0.21119692641403964
-0.2110871316842192,-0.21108733992077683,0,0.21106660962852392,0.21107409379793732,0.2111184813098664,0.21122432303735533
-0.21108029099898742,-0.21107697477465037,-0.21106660962852392,0,0.21108157796735072,0.21114441715053767,0.2112768941736325
-0.21108061274107826,-0.21107850917221715,-0.21107409379793732,-0.21108157796735072,0,0.2112072563337246,0.21137455227677338
-0.21110594145960754,-0.21111069596259402,-0.2111184813098664,-0.21114441715053767,-0.2112072563337246,0,0.21154184821982214
-0.21117859258630997,-0.21119692641403964,-0.21122432303735533,-0.2112768941736325,-0.21137455227677338,-0.21154184821982214,0
