0,9.502923323027675,4.621693558344832,3.0955821223929365,2.2402978123102963,2.0322790192573352,1.528455852897304
-9.502923323027675,0,-0.25953620633801044,-0.10808847792443288,-0.1805773579288298,0.16461794331475055,-0.06643764112877015
-4.621693558344832,0.25953620633801044,0,0.043359250489144685,-0.1410979337242395,0.3060026598656709,-0.01816299982646008
-3.0955821223929365,0.10808847792443288,-0.043359250489144685,0,-0.3255551179376237,0.437324364553934,-0.03867041659832834
-2.2402978123102963,0.1805773579288298,0.1410979337242395,0.3255551179376237,0,1.2002038470454917,0.10477193407131935
-2.0322790192573352,-0.16461794331475055,-0.3060026598656709,-0.437324364553934,-1.2002038470454917,0,-0.990659978902853
-1.528455852897304,0.06643764112877015,0.01816299982646008,0.03867041659832834,-0.10477193407131935,0.990659978902853,0
