0,1.0371326912710104,1.0355205634188676,1.0286004121876287,1.018756924987368,1.008755702537902,1.0094184884198503
-1.0371326912710104,0,1.0339084355667247,1.024334272645938,1.0126316695594872,1.001661455354625,1.0038756478496182
-1.0355205634188676,-1.0339084355667247,0,1.014760109725151,1.0019932865558685,0.9909124619505917,0.9963674509203417
-1.0286004121876287,-1.024334272645938,-1.014760109725151,0,0.9892264633865859,0.9789886380633119,0.990236564652072
-1.018756924987368,-1.0126316695594872,-1.0019932865558685,-0.9892264633865859,0,0.9687508127400379,0.990741615284815
-1.008755702537902,-1.001661455354625,-0.9909124619505917,-0.9789886380633119,-0.9687508127400379,0,1.012732417829592
-1.0094184884198503,-1.0038756478496182,-0.9963674509203417,-0.990236564652072,-0.990741615284815,-1.012732417829592,0
