0,1.0444916330360012,1.0517029036562973,1.062378506779616,1.0771931510418558,1.093309337396971,1.1350684676865648
-1.0444916330360012,0,1.0589141742765933,1.0713219436514234,1.0880936570438073,1.1055137634872132,1.1531838346166774
-1.0517029036562973,-1.0589141742765933,0,1.0837297130262535,1.1026833984274143,1.121046959890753,1.1767512497016983
-1.062378506779616,-1.0713219436514234,-1.0837297130262535,0,1.121637083828575,1.139705583323003,1.2077584285935135
-1.0771931510418558,-1.0880936570438073,-1.1026833984274143,-1.121637083828575,0,1.157774082817431,1.2508191009759826
-1.093309337396971,-1.1055137634872132,-1.121046959890753,-1.139705583323003,-1.157774082817431,0,1.3438641191345342
-1.1350684676865648,-1.1531838346166774,-1.1767512497016983,-1.2077584285935135,-1.2508191009759826,-1.3438641191345342,0
