0,0.20758193053018664,0.20644550600499545,0.2049176975506445,0.2029982952408089,0.2007026080398288,0.19806907756834727
-0.20758193053018664,0,0.20530908147980426,0.20358558106087346,0.20147041681101632,0.19898277741723935,0.1961665069759794
-0.20644550600499545,-0.20530908147980426,0,0.20186208064194266,0.19955108447662234,0.19687400939638441,0.1938808633500232
-0.2049176975506445,-0.20358558106087346,-0.20186208064194266,0,0.19724008831130202,0.19437997377360527,0.19122045758605002
-0.2029982952408089,-0.20147041681101632,-0.19955108447662234,-0.19724008831130202,0,0.19151985923590853,0.18821064222342404
-0.2007026080398288,-0.19898277741723935,-0.19687400939638441,-0.19437997377360527,-0.19151985923590853,0,0.18490142521093955
-0.19806907756834727,-0.1961665069759794,-0.1938808633500232,-0.19122045758605002,-0.18821064222342404,-0.18490142521093955,0
