0,0.23041576319818385,0.22895363636038377,0.2274348582117589,0.226001293996816,0.22488902020785356,0.22444818442125522
-0.23041576319818385,0,0.22749150952258368,0.22594440571854643,0.22452980426302674,0.223507334460271,0.2232546686658695
-0.22895363636038377,-0.22749150952258368,0,0.22439730191450918,0.22304895163324825,0.22217927610616672,0.22219545845169092
-0.2274348582117589,-0.22594440571854643,-0.22439730191450918,0,0.22170060135198733,0.22107026320199552,0.2214615106307515
-0.226001293996816,-0.22452980426302674,-0.22304895163324825,-0.22170060135198733,0,0.22043992505200372,0.2213419652701336
-0.22488902020785356,-0.223507334460271,-0.22217927610616672,-0.22107026320199552,-0.22043992505200372,0,0.2222440054882635
-0.22444818442125522,-0.2232546686658695,-0.22219545845169092,-0.2214615106307515,-0.2213419652701336,-0.2222440054882635,0
