0,1.8368173549817102,1.8343688609836823,1.8331897267199901,1.8271677279163636,1.7965464271102363,1.7687831794151003
-1.8368173549817102,0,1.8319203669856545,1.8313759125891302,1.823951185561248,1.786478695142368,1.7551763443017783
-1.8343688609836823,-1.8319203669856545,0,1.830831458192606,1.8199665948490449,1.7713314711946058,1.7359903386308093
-1.8331897267199901,-1.8313759125891302,-1.830831458192606,0,1.8091017315054838,1.7415814776956053,1.7043766321102103
-1.8271677279163636,-1.823951185561248,-1.8199665948490449,-1.8091017315054838,0,1.6740612238857269,1.6520140824125735
-1.7965464271102363,-1.786478695142368,-1.7713314711946058,-1.7415814776956053,-1.6740612238857269,0,1.6299669409394202
-1.7687831794151003,-1.7551763443017783,-1.7359903386308093,-1.7043766321102103,-1.6520140824125735,-1.6299669409394202,0
