0,1.834497784134571,1.8347280812736537,1.8396182489593367,1.8647588199157077,1.8615860830724476,1.7441765420033446
-1.834497784134571,0,1.8349583784127363,1.8421784813717195,1.8748458318427532,1.8683581578069166,1.7261122935770992
-1.8347280812736537,-1.8349583784127363,0,1.8493985843307028,1.8947895585577617,1.8794914176049768,1.69890077236819
-1.8396182489593367,-1.8421784813717195,-1.8493985843307028,0,1.9401805327848205,1.8945378342421137,1.6487348350473523
-1.8647588199157077,-1.8748458318427532,-1.8947895585577617,-1.9401805327848205,0,1.848895135699407,1.5030119861786182
-1.8615860830724476,-1.8683581578069166,-1.8794914176049768,-1.8945378342421137,-1.848895135699407,0,1.1571288366578294
-1.7441765420033446,-1.7261122935770992,-1.69890077236819,-1.6487348350473523,-1.5030119861786182,-1.1571288366578294,0
