0,1.8345503415501159,1.830049392220971,1.816245458354308,1.7952591455135505,1.754016457481455,1.7404521084706361
-1.8345503415501159,0,1.8255484428918263,1.807093016756404,1.782162080168029,1.7338829864642897,1.72163246185474
-1.830049392220971,-1.8255484428918263,0,1.788637590620982,1.76046889880613,1.7033278343217777,1.6956534665954686
-1.816245458354308,-1.807093016756404,-1.788637590620982,0,1.7323002069912778,1.6606729561721756,1.664658758586964
-1.7952591455135505,-1.782162080168029,-1.76046889880613,-1.7323002069912778,0,1.5890457053530733,1.6308380343848072
-1.754016457481455,-1.7338829864642897,-1.7033278343217777,-1.6606729561721756,-1.5890457053530733,0,1.6726303634165411
-1.7404521084706361,-1.72163246185474,-1.6956534665954686,-1.664658758586964,-1.6308380343848072,-1.6726303634165411,0
