0,0.6761012907517455,0.6812305873204672,0.692122623417104,0.7087709731103826,0.7322528574161926,0.7811356958381003
-0.6761012907517455,0,0.6863598838891888,0.7001332897497832,0.7196608672299284,0.7462907490823044,0.8021425768553712
-0.6812305873204672,-0.6863598838891888,0,0.7139066956103775,0.7363113589002981,0.7662677041466762,0.8310882500969168
-0.692122623417104,-0.7001332897497832,-0.7139066956103775,0,0.7587160221902187,0.7924482084148257,0.8701487682590966
-0.7087709731103826,-0.7196608672299284,-0.7363113589002981,-0.7587160221902187,0,0.8261803946394326,0.9258651412935355
-0.7322528574161926,-0.7462907490823044,-0.7662677041466762,-0.7924482084148257,-0.8261803946394326,0,1.0255498879476384
-0.7811356958381003,-0.8021425768553712,-0.8310882500969168,-0.8701487682590966,-0.9258651412935355,-1.0255498879476384,0
