0,0.7086399088282235,0.7048915027188418,0.7034333347046425,0.7137387986076557,0.7547422779261268,0.8960825246020101
-0.7086399088282235,0,0.7011430966094602,0.700830047642852,0.715438428534133,0.7662678702006026,0.9335710477567675
-0.7048915027188418,-0.7011430966094602,0,0.7005169986762438,0.7225860944964695,0.7879761280643168,0.9916780355435942
-0.7034333347046425,-0.700830047642852,-0.7005169986762438,0,0.7446551903166951,0.8317056927583533,1.0887317144993778
-0.7137387986076557,-0.715438428534133,-0.7225860944964695,-0.7446551903166951,0,0.9187561952000114,1.260769976590719
-0.7547422779261268,-0.7662678702006026,-0.7879761280643168,-0.8317056927583533,-0.9187561952000114,0,1.6027837579814266
-0.8960825246020101,-0.9335710477567675,-0.9916780355435942,-1.0887317144993778,-1.260769976590719,-1.6027837579814266,0
