0,13.903807852300424,6.9323928398533115,4.638111568174803,3.630118620510601,2.9214097050391463,2.099692418349547
-13.903807852300424,0,-0.039022172593801585,0.005263426111991265,0.2055555432473266,0.17581016822382667,-0.2611306684406284
-6.9323928398533115,0.039022172593801585,0,0.049549024817784115,0.3278444011678907,0.24742094849636942,-0.31665779240233505
-4.638111568174803,-0.005263426111991265,-0.049549024817784115,0,0.6061397775179973,0.34635691033566207,-0.4387267314757081
-3.630118620510601,-0.2055555432473266,-0.3278444011678907,-0.6061397775179973,0,0.08657404315332684,-0.9611599859725608
-2.9214097050391463,-0.17581016822382667,-0.24742094849636942,-0.34635691033566207,-0.08657404315332684,0,-2.0088940150984484
-2.099692418349547,0.2611306684406284,0.31665779240233505,0.4387267314757081,0.9611599859725608,2.0088940150984484,0
