0,12.948417353220577,6.8010902744962705,4.7805473515327845,3.5260671022145598,2.824582220250698,2.6286404715247933
-12.948417353220577,0,0.6537631957719636,0.6966123506888877,0.3852836852125539,0.293623437008228,0.5646850951856365
-6.8010902744962705,-0.6537631957719636,0,0.7394615056058118,0.2510439299328491,0.17357685075364948,0.5424155700390547
-4.7805473515327845,-0.6966123506888877,-0.7394615056058118,0,-0.23737364574011366,-0.10936547667243168,0.47673359151680234
-3.5260671022145598,-0.3852836852125539,-0.2510439299328491,0.23737364574011366,0,0.018642692395250293,0.8337872101452604
-2.824582220250698,-0.293623437008228,-0.17357685075364948,0.10936547667243168,-0.018642692395250293,0,1.6489317278952704
-2.6286404715247933,-0.5646850951856365,-0.5424155700390547,-0.47673359151680234,-0.8337872101452604,-1.6489317278952704,0
