0,14.628345587185567,6.454629370566709,4.626278507475459,3.513747029797329,2.863120136131214,2.3575433073907903
-14.628345587185567,0,-1.71908684605215,-0.3747550323795954,-0.1911191559987504,-0.07818622663237385,-0.09661714856816488
-6.454629370566709,1.71908684605215,0,0.9695767812929592,0.5728646890279494,0.4687806465075515,0.3090002758028314
-4.626278507475459,0.3747550323795954,-0.9695767812929592,0,0.1761525967629396,0.2183825791148477,0.08880810730612214
-3.513747029797329,0.1911191559987504,-0.5728646890279494,-0.1761525967629396,0,0.2606125614667558,0.045135862577713404
-2.863120136131214,0.07818622663237385,-0.4687806465075515,-0.2183825791148477,-0.2606125614667558,0,-0.170340836311329
-2.3575433073907903,0.09661714856816488,-0.3090002758028314,-0.08880810730612214,-0.045135862577713404,0.170340836311329,0
