0,1.0137446060836794,1.0124916986255141,1.0138860625356483,1.0196897033684904,1.0374795065152358,1.0848343341704505
-1.0137446060836794,0,1.0112387911673488,1.0139567907616325,1.0216714024634275,1.043413231623125,1.0990522797878048
-1.0124916986255141,-1.0112387911673488,0,1.0166747903559163,1.0268877081114667,1.0541380451083837,1.1210056519429188
-1.0138860625356483,-1.0139567907616325,-1.0166747903559163,0,1.037100625867017,1.0728696724846174,1.155782605805253
-1.0196897033684904,-1.0216714024634275,-1.0268877081114667,-1.037100625867017,0,1.1086387191022178,1.215123595774371
-1.0374795065152358,-1.043413231623125,-1.0541380451083837,-1.0728696724846174,-1.1086387191022178,0,1.321608472446524
-1.0848343341704505,-1.0990522797878048,-1.1210056519429188,-1.155782605805253,-1.215123595774371,-1.321608472446524,0
