0,1.0169776303591305,1.0153040917613214,1.014908912863808,1.0155254964713376,1.0113731274809028,1.0149741725815875
-1.0169776303591305,0,1.0136305531635124,1.013874554116147,1.0150414518420734,1.009972001761346,1.0145734810260791
-1.0153040917613214,-1.0136305531635124,0,1.0141185550687815,1.0157469011813538,1.0087524846272904,1.0148092129917208
-1.014908912863808,-1.013874554116147,-1.0141185550687815,0,1.0173752472939261,1.006069449406545,1.015039432299367
-1.0155254964713376,-1.0150414518420734,-1.0157469011813538,-1.0173752472939261,0,0.9947636515191638,1.0138715248020875
-1.0113731274809028,-1.009972001761346,-1.0087524846272904,-1.006069449406545,-0.9947636515191638,0,1.0329793980850113
-1.0149741725815875,-1.0145734810260791,-1.0148092129917208,-1.015039432299367,-1.0138715248020875,-1.0329793980850113,0
