0,1.0215811388785392,1.022336490538076,1.0227440864037394,1.0202605184884144,1.0105562162219894,0.9655974418996958
-1.0215811388785392,0,1.023091842197613,1.0233255601663396,1.0198203116917062,1.0077999855578519,0.9544007025039271
-1.022336490538076,-1.023091842197613,0,1.0235592781350662,1.0181845464387527,1.002702700011265,0.9372279175805056
-1.0227440864037394,-1.0233255601663396,-1.0235592781350662,0,1.0128098147424391,0.9922744109493642,0.908450797395652
-1.0202605184884144,-1.0198203116917062,-1.0181845464387527,-1.0128098147424391,0,0.9717390071562892,0.8562712887222586
-1.0105562162219894,-1.0077999855578519,-1.002702700011265,-0.9922744109493642,-0.9717390071562892,0,0.7408035702882279
-0.9655974418996958,-0.9544007025039271,-0.9372279175805056,-0.908450797395652,-0.8562712887222586,-0.7408035702882279,0
