0,1.029016769476437,1.0284895985266953,1.0261994254367746,1.0197226283896006,1.0196226650813247,1.0647277374259432
-1.029016769476437,0,1.0279624275769537,1.0247907534169434,1.0166245813606551,1.0172741389825468,1.0718699310158444
-1.0284895985266953,-1.0279624275769537,0,1.0216190792569328,1.0109556582525059,1.0137113761177445,1.082846806875567
-1.0261994254367746,-1.0247907534169434,-1.0216190792569328,0,1.000292237248079,1.0097575245481503,1.1032560494151118
-1.0197226283896006,-1.0166245813606551,-1.0109556582525059,-1.000292237248079,0,1.0192228118482216,1.1547379554986281
-1.0196226650813247,-1.0172741389825468,-1.0137113761177445,-1.0097575245481503,-1.0192228118482216,0,1.2902530991490346
-1.0647277374259432,-1.0718699310158444,-1.082846806875567,-1.1032560494151118,-1.1547379554986281,-1.2902530991490346,0
