0,1.0160477174134637,1.0195034802172067,1.0214317267820514,1.0140715926722876,0.9866445006325165,0.9226000685026614
-1.0160477174134637,0,1.0229592430209498,1.0241237314663452,1.013412884425229,0.9792936964372797,0.9039105387205009
-1.0195034802172067,-1.0229592430209498,0,1.0252882199117406,1.0086397051273686,0.964738514242723,0.8741483626453888
-1.0214317267820514,-1.0241237314663452,-1.0252882199117406,0,0.9919911903429965,0.9344636614082142,0.8237684102232715
-1.0140715926722876,-1.013412884425229,-1.0086397051273686,-0.9919911903429965,0,0.8769361324734319,0.739657020163409
-0.9866445006325165,-0.9792936964372797,-0.964738514242723,-0.9344636614082142,-0.8769361324734319,0,0.602377907853386
-0.9226000685026614,-0.9039105387205009,-0.8741483626453888,-0.8237684102232715,-0.739657020163409,-0.602377907853386,0
