0,2.407897691436957,2.409530110838367,2.4123518196263665,2.4093843696551973,2.426155660240765,2.7061390238196235
-2.407897691436957,0,2.411162530239777,2.414578883721071,2.4098799290612773,2.4307201524417166,2.7657872902961564
-2.409530110838367,-2.411162530239777,0,2.4179952372023656,2.4092386284720275,2.4372393598423634,2.8544434803102514
-2.4123518196263665,-2.414578883721071,-2.4179952372023656,0,2.4004820197416894,2.446861421162362,2.99992622801288
-2.4093843696551973,-2.4098799290612773,-2.4092386284720275,-2.4004820197416894,0,2.4932408225830347,3.2996483321484753
-2.426155660240765,-2.4307201524417166,-2.4372393598423634,-2.446861421162362,-2.4932408225830347,0,4.106055841713916
-2.7061390238196235,-2.7657872902961564,-2.8544434803102514,-2.99992622801288,-3.2996483321484753,-4.106055841713916,0
