0,2.407111252941942,2.4088871286296634,2.413733957826119,2.4246575067050147,2.5333485377052094,3.1796148129827397
-2.407111252941942,0,2.4106630043173847,2.4170453102682075,2.4305062579593724,2.564907858896026,3.3341155249908994
-2.4088871286296634,-2.4106630043173847,0,2.42342761621903,2.440427884780366,2.61632281042224,3.564978655159278
-2.413733957826119,-2.4170453102682075,-2.42342761621903,0,2.457428153341702,2.712770407523845,3.9454956681393605
-2.4246575067050147,-2.4305062579593724,-2.440427884780366,-2.457428153341702,0,2.9681126617059874,4.68952942553819
-2.5333485377052094,-2.564907858896026,-2.61632281042224,-2.712770407523845,-2.9681126617059874,0,6.410946189370392
-3.1796148129827397,-3.3341155249908994,-3.564978655159278,-3.9454956681393605,-4.68952942553819,-6.410946189370392,0
