0,2.41126829088132,2.4093889637167973,2.407421382952498,2.3945085561449404,2.3315160107018267,2.593343041813173
-2.41126829088132,0,2.4075096365522746,2.405497928988087,2.3889219778994804,2.311577940656953,2.629757991999543
-2.4093889637167973,-2.4075096365522746,0,2.403486221423899,2.3796281485730835,2.279600708691846,2.68532008086136
-2.407421382952498,-2.405497928988087,-2.403486221423899,0,2.355770075722268,2.2176579523258195,2.779264700673848
-2.3945085561449404,-2.3889219778994804,-2.3796281485730835,-2.355770075722268,0,2.079545828929371,2.9910120131496374
-2.3315160107018267,-2.311577940656953,-2.279600708691846,-2.2176579523258195,-2.079545828929371,0,3.902478197369904
-2.593343041813173,-2.629757991999543,-2.68532008086136,-2.779264700673848,-2.9910120131496374,-3.902478197369904,0
