0,6.7245200360901185,5.372205220275569,4.321579989787752,3.2766497005366637,2.623078694467517,2.1854914082029424,1.8734033905215266,1.6394934916899675,1.457309796194377,1.3115881274990555,1.192455421371367,1.0930626221130475,1.009187913102472,0.936880356197339,0.875250161068161,0.8200512013977487,0.7723504680216898,0.7277386116192921,0.6899359280412656,0.6481436089187578,0.6143022453425032,0.6954629730666231
-6.7245200360901185,0,4.019890404461019,3.120109966636569,2.127359588685512,1.5977183590618662,1.2776856826255072,1.0648839495934281,0.9130611282042317,0.7989085162074093,0.7101512487667151,0.6392489598994918,0.581111948115132,0.5329102361868346,0.4916773038978945,0.45744516999516405,0.4264199457515907,0.40033987001741306,0.37498676312100826,0.35468125537188483,0.32833432327815987,0.30879135580512246,0.40836501768455186
-5.372205220275569,-4.019890404461019,0,2.220329528812119,1.1810941807977589,0.7903276772621487,0.5921345021666293,0.47388265861990997,0.39525624882810045,0.3387682464568937,0.2964338543049272,0.26362213272598883,0.23723410248054327,0.21591203907099976,0.19765954551763412,0.1834109211900983,0.16974348441520298,0.159036501054506,0.1471802855372576,0.13908071719017107,0.12324787432355658,0.11347035324428582,0.22778874834572854
-4.321579989787752,-3.120109966636569,-2.220329528812119,0,0.14185883278339873,0.07532675148716361,0.04940282661813278,0.03727094107185769,0.030241592831296772,0.025174699397689498,0.021591615089614078,0.019033708215222545,0.01689016622147932,0.015470290096887851,0.013780456127226419,0.013667703888263253,0.012006096384670975,0.011801284786105093,0.008970335985600169,0.009002666463799325,-0.00010987005812356689,-0.003577378731704902,0.12291818095276064
-3.2766497005366637,-2.127359588685512,-1.1810941807977589,-0.14185883278339873,0,0.0087946701909285,0.0031748235354998044,0.0024083105013440096,0.0023372828432712822,0.0018378727205476508,0.0015470788073166375,0.001487261848340233,0.0012690829012393934,0.0014271186872755316,0.000972618461609187,0.0020139648977963924,0.001185035018110329,0.001796858017082506,-0.000521699499956872,0.00014558870915936477,-0.00898291398571871,-0.012132449997299233,0.12186592251772518
-2.623078694467517,-1.5977183590618662,-0.7903276772621487,-0.07532675148716361,-0.0087946701909285,0,-0.0024450231199288908,-0.0007848693434482357,0.00018482039405220974,9.867335295243862e-05,9.756053059426507e-05,0.00026936045790885527,0.00019399900271237818,0.0005061747493189106,0.00010350160279593013,0.0013358943684831815,0.0004932500023995863,0.0012137070025953396,-0.00123834332233267,-0.0004722028252527163,-0.010168086264161857,-0.013440395009063466,0.12851717265459559
-2.1854914082029424,-1.2776856826255072,-0.5921345021666293,-0.04940282661813278,-0.0031748235354998044,0.0024450231199288908,0,0.0008752844330324194,0.00149974215104276,0.0009465721772462151,0.000733206443225054,0.0008122371734764044,0.0006338360231525897,0.0009277744449257394,0.00042206719313653274,0.0017559963116400784,0.0007870773146324339,0.0015463188319157243,-0.0011377866725329848,-0.00032044741796993364,-0.010719733631607069,-0.014173419801672438,0.13670230989050336
-1.8734033905215266,-1.0648839495934281,-0.47388265861990997,-0.03727094107185769,-0.0024083105013440096,0.0007848693434482357,-0.0008752844330324194,0,0.0021241998690531005,0.000982216049353113,0.0006858471132892655,0.0007964753585874007,0.0005855463411766238,0.0009365227802412927,0.00035732187315140607,0.0018660852964660357,0.0007772765236991022,0.0016134222718040547,-0.0013207931366752941,-0.0004200917388867964,-0.011611658098117799,-0.0152483272470085,0.14575744492100143
-1.6394934916899675,-0.9130611282042317,-0.39525624882810045,-0.030241592831296772,-0.0023372828432712822,-0.00018482039405220974,-0.00149974215104276,-0.0021241998690531005,0,-0.00015976777034687473,-3.332926459265195e-05,0.00035390052176550074,0.00020088295920750454,0.0006989873624789311,6.284220716779032e-05,0.001829211786096455,0.0006089111055298524,0.0015566692054430496,-0.0016652924372481336,-0.0006513909759722416,-0.012756312928715374,-0.016584675486705544,0.15601696242471202
-1.457309796194377,-0.7989085162074093,-0.3387682464568937,-0.025174699397689498,-0.0018378727205476508,-9.867335295243862e-05,-0.0009465721772462151,-0.000982216049353113,0.00015976777034687473,0,9.310924116157082e-05,0.0006107346678216885,0.0003210998690589643,0.0009136761456853826,0.00010736420267072333,0.00216070837883701,0.000718722373512242,0.0017712238274167902,-0.001832572955792718,-0.0007005532965347783,-0.013901453397657965,-0.0179534177964021,0.16803055705510117
-1.3115881274990555,-0.7101512487667151,-0.2964338543049272,-0.021591615089614078,-0.0015470788073166375,-9.756053059426507e-05,-0.000733206443225054,-0.0006858471132892655,3.332926459265195e-05,-9.310924116157082e-05,0,0.0011283600944818062,0.00043509518300766103,0.00118719844719332,0.00011092794304801146,0.002574228206372098,0.0008229912289040205,0.0020109544825961073,-0.002073283230412004,-0.0007887380229454837,-0.015300909661539918,-0.019594011163453343,0.18202534437292947
-1.192455421371367,-0.6392489598994918,-0.26362213272598883,-0.019033708215222545,-0.001487261848340233,-0.00026936045790885527,-0.0008122371734764044,-0.0007964753585874007,-0.00035390052176550074,-0.0006107346678216885,-0.0011283600944818062,0,-0.0002581697284664841,0.0012166176235490767,-0.00022821610742992013,0.0029356952343446707,0.0007619174557884634,0.002158053547281824,-0.002530660848253977,-0.001028375287623895,-0.017126384078875664,-0.021666248289246858,0.19847052476187924
-1.0930626221130475,-0.581111948115132,-0.23723410248054327,-0.01689016622147932,-0.0012690829012393934,-0.00019399900271237818,-0.0006338360231525897,-0.0005855463411766238,-0.00020088295920750454,-0.0003210998690589643,-0.00043509518300766103,0.0002581697284664841,0,0.0026914049755646374,-0.00021323929691163812,0.004000316888615056,0.0010169392518522002,0.002641298202431486,-0.0029094093682185593,-0.0011384046532178108,-0.019234910872676814,-0.024044923684889124,0.2183433942109138
-1.009187913102472,-0.5329102361868346,-0.21591203907099976,-0.015470290096887851,-0.0014271186872755316,-0.0005061747493189106,-0.0009277744449257394,-0.0009365227802412927,-0.0006989873624789311,-0.0009136761456853826,-0.00118719844719332,-0.0012166176235490767,-0.0026914049755646374,0,-0.0031178835693879137,0.004654772845140265,0.0004587840106147212,0.002628771509148198,-0.0040295722369751985,-0.0017767062580148856,-0.02236724170813988,-0.027386964767445843,0.24230472634817485
-0.936880356197339,-0.4916773038978945,-0.19765954551763412,-0.013780456127226419,-0.000972618461609187,-0.00010350160279593013,-0.00042206719313653274,-0.00035732187315140607,-6.284220716779032e-05,-0.00010736420267072333,-0.00011092794304801146,0.00022821610742992013,0.00021323929691163812,0.0031178835693879137,0,0.012427429259668443,0.0022471178006160386,0.004544323201993568,-0.00425749440387202,-0.00150847079574028,-0.02557546806459854,-0.030853976367168405,0.2729825525878702
-0.875250161068161,-0.45744516999516405,-0.1834109211900983,-0.013667703888263253,-0.0020139648977963924,-0.0013358943684831815,-0.0017559963116400784,-0.0018660852964660357,-0.001829211786096455,-0.00216070837883701,-0.002574228206372098,-0.0029356952343446707,-0.004000316888615056,-0.004654772845140265,-0.012427429259668443,0,-0.007933193658436366,0.0006027701731561308,-0.009819135625052175,-0.004992445809592461,-0.033176047529451934,-0.038067543971641214,0.3102047130633276
-0.8200512013977487,-0.4264199457515907,-0.16974348441520298,-0.012006096384670975,-0.001185035018110329,-0.0004932500023995863,-0.0007870773146324339,-0.0007772765236991022,-0.0006089111055298524,-0.000718722373512242,-0.0008229912289040205,-0.0007619174557884634,-0.0010169392518522002,-0.0004587840106147212,-0.0022471178006160386,0.007933193658436366,0,0.009138734004748628,-0.010762106608360078,-0.004012196526644492,-0.03948676099720583,-0.04409441403428218,0.3632276975169549
-0.7723504680216898,-0.40033987001741306,-0.159036501054506,-0.011801284786105093,-0.001796858017082506,-0.0012137070025953396,-0.0015463188319157243,-0.0016134222718040547,-0.0015566692054430496,-0.0017712238274167902,-0.0020109544825961073,-0.002158053547281824,-0.002641298202431486,-0.002628771509148198,-0.004544323201993568,-0.0006027701731561308,-0.009138734004748628,0,-0.030662947221468784,-0.010587661792341052,-0.05569525933119065,-0.05740270104403988,0.43404549021939615
-0.7277386116192921,-0.37498676312100826,-0.1471802855372576,-0.008970335985600169,0.000521699499956872,0.00123834332233267,0.0011377866725329848,0.0013207931366752941,0.0016652924372481336,0.001832572955792718,0.002073283230412004,0.002530660848253977,0.0029094093682185593,0.0040295722369751985,0.00425749440387202,0.009819135625052175,0.010762106608360078,0.030662947221468784,0,0.00948762363678668,-0.06821141538605158,-0.06631595231823025,0.5502225995796124
-0.6899359280412656,-0.35468125537188483,-0.13908071719017107,-0.009002666463799325,-0.00014558870915936477,0.0004722028252527163,0.00032044741796993364,0.0004200917388867964,0.0006513909759722416,0.0007005532965347783,0.0007887380229454837,0.001028375287623895,0.0011384046532178108,0.0017767062580148856,0.00150847079574028,0.004992445809592461,0.004012196526644492,0.010587661792341052,-0.00948762363678668,0,-0.14591045440888983,-0.10421774029573871,0.7304675915605543
-0.6481436089187578,-0.32833432327815987,-0.12324787432355658,0.00010987005812356689,0.00898291398571871,0.010168086264161857,0.010719733631607069,0.011611658098117799,0.012756312928715374,0.013901453397657965,0.015300909661539918,0.017126384078875664,0.019234910872676814,0.02236724170813988,0.02557546806459854,0.033176047529451934,0.03948676099720583,0.05569525933119065,0.06821141538605158,0.14591045440888983,0,-0.0625250261825876,1.1686566145452764
-0.6143022453425032,-0.30879135580512246,-0.11347035324428582,0.003577378731704902,0.012132449997299233,0.013440395009063466,0.014173419801672438,0.0152483272470085,0.016584675486705544,0.0179534177964021,0.019594011163453343,0.021666248289246858,0.024044923684889124,0.027386964767445843,0.030853976367168405,0.038067543971641214,0.04409441403428218,0.05740270104403988,0.06631595231823025,0.10421774029573871,0.0625250261825876,0,2.3998382552731403
-0.6954629730666231,-0.40836501768455186,-0.22778874834572854,-0.12291818095276064,-0.12186592251772518,-0.12851717265459559,-0.13670230989050336,-0.14575744492100143,-0.15601696242471202,-0.16803055705510117,-0.18202534437292947,-0.19847052476187924,-0.2183433942109138,-0.24230472634817485,-0.2729825525878702,-0.3102047130633276,-0.3632276975169549,-0.43404549021939615,-0.5502225995796124,-0.7304675915605543,-1.1686566145452764,-2.3998382552731403,0
