0,6.708023068651989,5.33831051350368,4.301863643845476,3.2764853791074238,2.6213521581857226,2.1858800633696065,1.8739608117779876,1.6396542750854597,1.4573920425697091,1.3118916118610295,1.1924978285600896,1.0931426624764402,1.0089231482897825,0.9368919872572654,0.8742741146748807,0.8193666036436442,0.771997447955953,0.7288981163913226,0.6919499801033172,0.6628578581028892,0.6316374580974946,0.5832273673455983
-6.708023068651989,0,3.968597958355372,3.098783931442219,2.1326394825925687,1.599684430569156,1.2814514623131301,1.0682837689656541,0.9156015902902412,0.801063164309424,0.7123214499953674,0.6409453045508997,0.582698989187754,0.5339981549262652,0.492958827149979,0.45757776081937296,0.42678950597642124,0.40099584666245075,0.37718488390540106,0.35772369740616883,0.3446912680739893,0.32781817756976994,0.2915704291881512
-5.33831051350368,-3.968597958355372,0,2.228969904529066,1.2146602447111672,0.8100465879737507,0.6096648383025696,0.4882209310877105,0.40676886227938613,0.3485581937314315,0.30528688645036683,0.2712061207948473,0.24410909227099217,0.22176180915998278,0.2033222328828629,0.18749928408583458,0.17380318794935334,0.16315570588292266,0.15272156675227788,0.14531932911503923,0.1433631186139125,0.13619818910736983,0.10771905272979013
-4.301863643845476,-3.098783931442219,-2.228969904529066,0,0.2003505848932683,0.100584929696093,0.0698964828937374,0.0530336877273716,0.04232865382945015,0.035156241931825725,0.030475026724838372,0.026485647828069947,0.02356900202009508,0.02104099962307444,0.01917244455138991,0.017376732382231957,0.015713440520144673,0.015597548836769575,0.014305010900492002,0.01509116815166256,0.020680366501256382,0.019933093806164495,-0.003925728943855981
-3.2764853791074238,-2.1326394825925687,-1.2146602447111672,-0.2003505848932683,0,0.0008192744989177214,0.004669431893971954,0.003928055338739374,0.002823171063495611,0.0021173733395372096,0.002162433696766719,0.001647799675898755,0.0014713041609484279,0.00111771237083068,0.0010546305172020709,0.0007427457903195615,0.000327011822384371,0.00138577683242352,0.0010160413295794107,0.002740540368888844,0.009450977851755638,0.009320300212805447,-0.015274413045918441
-2.6213521581857226,-1.599684430569156,-0.8100465879737507,-0.100584929696093,-0.0008192744989177214,0,0.008519589289026186,0.005482445758650201,0.003491136585021574,0.0024418980496920817,0.0024310655363365186,0.0017858872053955939,0.0015644512555242432,0.0011550171048198,0.0010807811859003319,0.0007350929194597456,0.0002822606699722482,0.00143298536021567,0.0010311772396303098,0.002877773645315353,0.010026424741944833,0.00985161431992343,-0.016221100548555863
-2.1858800633696065,-1.2814514623131301,-0.6096648383025696,-0.0698964828937374,-0.004669431893971954,-0.008519589289026186,0,0.0024453022282742154,0.000976910233019268,0.00041600096991404695,0.0009089345981641017,0.00043914678866947555,0.00040526158327391926,0.00010293536421888762,0.0001509301730096002,-0.0001298511216031923,-0.0005414721919331456,0.0007887486394147138,0.00040714290218065347,0.0024437878265683656,0.010134055845724734,0.009940415988649913,-0.01776739366340474
-1.8739608117779876,-1.0682837689656541,-0.4882209310877105,-0.0530336877273716,-0.003928055338739374,-0.005482445758650201,-0.0024453022282742154,0,-0.0004914817622356793,-0.0005986496592660373,0.00039681205479406384,-6.239207123170942e-05,-2.7465457261399704e-06,-0.000287459113123667,-0.00017683726345677338,-0.00045174529033786825,-0.0008733360164006302,0.0006230932805287636,0.0002218556907176024,0.0024436616264262114,0.010725498431682468,0.010475781257248176,-0.019114906722850003
-1.6396542750854597,-0.9156015902902412,-0.40676886227938613,-0.04232865382945015,-0.002823171063495611,-0.003491136585021574,-0.000976910233019268,0.0004914817622356793,0,-0.0007058175562963953,0.0008409589633089354,8.063782576961387e-05,0.00011943725840124486,-0.00024665458330126456,-0.00012439651366028906,-0.0004460686514953238,-0.000921067798171249,0.0007469349519470351,0.0002931894360129306,0.0027104928435772928,0.011660246781175646,0.01131941687413155,-0.020445151362893883
-1.4573920425697091,-0.801063164309424,-0.3485581937314315,-0.035156241931825725,-0.0021173733395372096,-0.0024418980496920817,-0.00041600096991404695,0.0005986496592660373,0.0007058175562963953,0,0.002387735482914266,0.00047386551680261846,0.00039452219663379157,-0.00013186384005248186,-8.112305133067821e-06,-0.0004027771673618119,-0.0009518178327247995,0.0009285290154774639,0.000404190212936189,0.0030521238835646614,0.012784434448218559,0.012321519743333878,-0.021963561655709077
-1.3118916118610295,-0.7123214499953674,-0.30528688645036683,-0.030475026724838372,-0.002162433696766719,-0.0024310655363365186,-0.0009089345981641017,-0.00039681205479406384,-0.0008409589633089354,-0.002387735482914266,0,-0.0014400044493090292,-0.0006020844465064457,-0.0009717302810413978,-0.0006070742521449013,-0.0009608796974170275,-0.001508410051997977,0.0007200709487007779,0.00015624705418892937,0.003125944816970261,0.013824104344748988,0.013224591039735662,-0.02399283641726102
-1.1924978285600896,-0.6409453045508997,-0.2712061207948473,-0.026485647828069947,-0.001647799675898755,-0.0017858872053955939,-0.00043914678866947555,6.239207123170942e-05,-8.063782576961387e-05,-0.00047386551680261846,0.0014400044493090292,0,0.00023583555629613784,-0.0007375931969075822,-0.000329430853090192,-0.0008410985094440271,-0.0015220911725357666,0.0010800835150357457,0.0003842829832600663,0.003696688475255172,0.015520116432977658,0.01469105058864013,-0.02604309386889302
-1.0931426624764402,-0.582698989187754,-0.24410909227099217,-0.02356900202009508,-0.0014713041609484279,-0.0015644512555242432,-0.00040526158327391926,2.7465457261399704e-06,-0.00011943725840124486,-0.00039452219663379157,0.0006020844465064457,-0.00023583555629613784,0,-0.0017110219501113022,-0.0006120640577833569,-0.0012000765313574153,-0.0019615728547437428,0.0012489331067836672,0.00040902422108738773,0.004191096035106463,0.017430651542562847,0.016297185592233907,-0.028670986811411937
-1.0089231482897825,-0.5339981549262652,-0.22176180915998278,-0.02104099962307444,-0.00111771237083068,-0.0011550171048198,-0.00010293536421888762,0.000287459113123667,0.00024665458330126456,0.00013186384005248186,0.0009717302810413978,0.0007375931969075822,0.0017110219501113022,0,0.00048689383454458834,-0.000944603821980472,-0.0020450898229545564,0.0019889218710074097,0.0008330334553271257,0.00517478236597609,0.020165176327230583,0.01854821153502706,-0.031666538462667565
-0.9368919872572654,-0.492958827149979,-0.2033222328828629,-0.01917244455138991,-0.0010546305172020709,-0.0010807811859003319,-0.0001509301730096002,0.00017683726345677338,0.00012439651366028906,8.112305133067821e-06,0.0006070742521449013,0.000329430853090192,0.0006120640577833569,-0.00048689383454458834,0,-0.0023761014785055323,-0.0033110816517041286,0.0024895978831616836,0.00091956836052276,0.00611236007226239,0.023444890076011582,0.021128399777953128,-0.03568571749981908
-0.8742741146748807,-0.45757776081937296,-0.18749928408583458,-0.017376732382231957,-0.0007427457903195615,-0.0007350929194597456,0.0001298511216031923,0.00045174529033786825,0.0004460686514953238,0.0004027771673618119,0.0009608796974170275,0.0008410985094440271,0.0012000765313574153,0.000944603821980472,0.0023761014785055323,0,-0.004246061824902725,0.004922447563995291,0.0020181249735321907,0.008234475459954371,0.028609088386915005,0.02504581665402957,-0.04044423407429244
-0.8193666036436442,-0.42678950597642124,-0.17380318794935334,-0.015713440520144673,-0.000327011822384371,-0.0002822606699722482,0.0005414721919331456,0.0008733360164006302,0.000921067798171249,0.0009518178327247995,0.001508410051997977,0.0015220911725357666,0.0019615728547437428,0.0020450898229545564,0.0033110816517041286,0.004246061824902725,0,0.014090956952893308,0.005150218372749649,0.012394654554906737,0.03682287593986944,0.030904192349816027,-0.046477262782524065
-0.771997447955953,-0.40099584666245075,-0.16315570588292266,-0.015597548836769575,-0.00138577683242352,-0.00143298536021567,-0.0007887486394147138,-0.0006230932805287636,-0.0007469349519470351,-0.0009285290154774639,-0.0007200709487007779,-0.0010800835150357457,-0.0012489331067836672,-0.0019889218710074097,-0.0024895978831616836,-0.004922447563995291,-0.014090956952893308,0,-0.0037905202073940103,0.011546503355913451,0.04440018226886148,0.03510750119904671,-0.05859090672960754
-0.7288981163913226,-0.37718488390540106,-0.15272156675227788,-0.014305010900492002,-0.0010160413295794107,-0.0010311772396303098,-0.00040714290218065347,-0.0002218556907176024,-0.0002931894360129306,-0.000404190212936189,-0.00015624705418892937,-0.0003842829832600663,-0.00040902422108738773,-0.0008330334553271257,-0.00091956836052276,-0.0020181249735321907,-0.005150218372749649,0.0037905202073940103,0,0.026883526919220913,0.06849553350698923,0.04807350833452695,-0.07229100336016092
-0.6919499801033172,-0.35772369740616883,-0.14531932911503923,-0.01509116815166256,-0.002740540368888844,-0.002877773645315353,-0.0024437878265683656,-0.0024436616264262114,-0.0027104928435772928,-0.0030521238835646614,-0.003125944816970261,-0.003696688475255172,-0.004191096035106463,-0.00517478236597609,-0.00611236007226239,-0.008234475459954371,-0.012394654554906737,-0.011546503355913451,-0.026883526919220913,0,0.11010754009475754,0.05866849904217997,-0.10534918011995487
-0.6628578581028892,-0.3446912680739893,-0.1433631186139125,-0.020680366501256382,-0.009450977851755638,-0.010026424741944833,-0.010134055845724734,-0.010725498431682468,-0.011660246781175646,-0.012784434448218559,-0.013824104344748988,-0.015520116432977658,-0.017430651542562847,-0.020165176327230583,-0.023444890076011582,-0.028609088386915005,-0.03682287593986944,-0.04440018226886148,-0.06849553350698923,-0.11010754009475754,0,0.007229457989602395,-0.21307754022731107
-0.6316374580974946,-0.32781817756976994,-0.13619818910736983,-0.019933093806164495,-0.009320300212805447,-0.00985161431992343,-0.009940415988649913,-0.010475781257248176,-0.01131941687413155,-0.012321519743333878,-0.013224591039735662,-0.01469105058864013,-0.016297185592233907,-0.01854821153502706,-0.021128399777953128,-0.02504581665402957,-0.030904192349816027,-0.03510750119904671,-0.04807350833452695,-0.05866849904217997,-0.007229457989602395,0,-0.43338453844422453
-0.5832273673455983,-0.2915704291881512,-0.10771905272979013,0.003925728943855981,0.015274413045918441,0.016221100548555863,0.01776739366340474,0.019114906722850003,0.020445151362893883,0.021963561655709077,0.02399283641726102,0.02604309386889302,0.028670986811411937,0.031666538462667565,0.03568571749981908,0.04044423407429244,0.046477262782524065,0.05859090672960754,0.07229100336016092,0.10534918011995487,0.21307754022731107,0.43338453844422453,0
