0,6.695258656213304,5.3371650758743225,4.3174341210478575,3.2792355553736443,2.6204777366386116,2.1847062741143444,1.8728193808253162,1.6393482675356963,1.4575543513996476,1.3113278415991159,1.1922401319127873,1.0930632602027732,1.0090018447802425,0.9369878948625274,0.8748352945596951,0.8197579691626795,0.7715503605079693,0.7288829118825206,0.6903046122156927,0.647292076063531,0.6450254258333006,0.5415336274857712
-6.695258656213304,0,3.979071495535341,3.1285218534651347,2.140561188427091,1.6017825067449387,1.2825957976945523,1.069079501593985,0.9170753548674666,0.8028413132979405,0.7131133066419839,0.6419382794827355,0.5837727696563614,0.535147110494154,0.4940439901432369,0.4590907687272945,0.42805792335930454,0.4013185920263859,0.3779196328042392,0.3566960542158254,0.32897804552933235,0.34251376431430036,0.2484991023082696
-5.3371650758743225,-3.979071495535341,0,2.2779722113949283,1.221306034872966,0.8093528438148047,0.6084768732343551,0.4870811028057137,0.4067426647561542,0.3490941444068833,0.30486853303031425,0.27114569992133497,0.24424289706846344,0.22206307549040974,0.20362503136056156,0.1883230205112909,0.17441409677530192,0.16280173179245558,0.15284764138354534,0.14361514590291272,0.12619507608455413,0.15111598898687717,0.06197048264691603
-4.3174341210478575,-3.1285218534651347,-2.2779722113949283,0,0.1646398583510038,0.07504316002474276,0.05197842718083064,0.03935832565841002,0.03249675542839938,0.02761446657554245,0.02299657897822652,0.020292385987135786,0.018272973254411795,0.01647216189995788,0.015048014993800958,0.014185587937654454,0.012601934112253752,0.011718126106564673,0.01117267004945314,0.010217829309661752,-0.00038004952193847934,0.03295730996420766,-0.05466118728718988
-3.2792355553736443,-2.140561188427091,-1.221306034872966,-0.1646398583510038,0,-0.014553538301518287,-0.004352288404255944,-0.0024021852391212426,-0.0005390203022517248,0.00020938822045017956,-0.0006106342505696934,-0.00032868149341678887,-2.288738266220669e-05,9.084516508334812e-06,8.883065808067414e-05,0.0005079269909863303,-6.789290764208644e-05,-4.5084066084491236e-05,0.00021072802791380747,-7.697262642771818e-05,-0.010693793763997372,0.02521127770616083,-0.06684457871153399
-2.6204777366386116,-1.6017825067449387,-0.8093528438148047,-0.07504316002474276,0.014553538301518287,0,0.005848961493006399,0.00367349129207728,0.004132485697503796,0.0039001198509422963,0.0021779465596200253,0.0020421279746001275,0.0020529198914600905,0.0018294123687616626,0.0017157605424805587,0.002014073520236792,0.0012489839463466592,0.0011639537868683252,0.0013464408224855072,0.0009570677789358939,-0.010436477461495978,0.027696578706640773,-0.06992052226506432
-2.1847062741143444,-1.2825957976945523,-0.6084768732343551,-0.05197842718083064,0.004352288404255944,-0.005848961493006399,0,0.0014980210911481606,0.0032742477997524944,0.003250505970254262,0.0012601928262734319,0.001280761270918873,0.0014202462912023723,0.0012551910652981288,0.0011991104236648287,0.0015879748565957247,0.0007889861916806851,0.0007380439954012274,0.0009712307666087661,0.000580768262468932,-0.01159972310110329,0.029153086520883064,-0.07465611499994373
-1.8728193808253162,-1.069079501593985,-0.4870811028057137,-0.03935832565841002,0.0024021852391212426,-0.00367349129207728,-0.0014980210911481606,0,0.005050474508356828,0.004126748409807313,0.0011809167379818557,0.0012264463158615513,0.0014046913312132149,0.0012147193943231234,0.0011564088997386385,0.0015992190772766701,0.0007102045361842989,0.0006620462858265341,0.0009233407371051848,0.0005043305267456629,-0.012607241885122633,0.0311284483372927,-0.07973305740601652
-1.6393482675356963,-0.9170753548674666,-0.4067426647561542,-0.03249675542839938,0.0005390203022517248,-0.004132485697503796,-0.0032742477997524944,-0.005050474508356828,0,0.003203022311257797,-0.0007538621472056306,-4.822974830354099e-05,0.0004932455369273114,0.0004475683715163825,0.0005073979649689401,0.0011061825871223618,0.00016767078966273274,0.0001744431499898348,0.0005106273599800204,9.104471023555696e-05,-0.014078718251245922,0.03313444632413392,-0.08578902397132891
-1.4575543513996476,-0.8028413132979405,-0.3490941444068833,-0.02761446657554245,-0.00020938822045017956,-0.0039001198509422963,-0.003250505970254262,-0.004126748409807313,-0.003203022311257797,0,-0.004710746605669058,-0.00167385577808421,-0.00041001338784951713,-0.00024129511341897114,-3.172690428883129e-05,0.000756709299766456,-0.0002659508562794193,-0.0002041292451686605,0.00021147236539360078,-0.00022015304986666706,-0.015649785575109897,0.03562873165854027,-0.09263456599306635
-1.3113278415991159,-0.7131133066419839,-0.30486853303031425,-0.02299657897822652,0.0006106342505696934,-0.0021779465596200253,-0.0012601928262734319,-0.0011809167379818557,0.0007538621472056306,0.004710746605669058,0,0.0013630350495006383,0.0017403532210602535,0.0012485220506643913,0.0011380280210562255,0.0018502004808535588,0.0004748484352855205,0.0004396732349028249,0.0008267497367764332,0.00027880178966693196,-0.01674368947205398,0.039295956955286565,-0.09996155094201613
-1.1922401319127873,-0.6419382794827355,-0.27114569992133497,-0.020292385987135786,0.00032868149341678887,-0.0020421279746001275,-0.001280761270918873,-0.0012264463158615513,4.822974830354099e-05,0.00167385577808421,-0.0013630350495006383,0,0.0021176713926198687,0.0011912655512462678,0.0010630256782414211,0.001971991838691789,0.00029721111244249696,0.0002857795991365227,0.0007501375492444039,0.00014327263218771868,-0.018755547752226716,0.04308924914586516,-0.10917287694124492
-1.0930632602027732,-0.5837727696563614,-0.24424289706846344,-0.018272973254411795,2.288738266220669e-05,-0.0020529198914600905,-0.0014202462912023723,-0.0014046913312132149,-0.0004932455369273114,0.00041001338784951713,-0.0017403532210602535,-0.0021176713926198687,0,0.0002648597098726668,0.0005357028210521975,0.001923431987382429,-0.00015790395760184595,-8.05987595601465e-05,0.0005222152420151597,-0.00013878433358830274,-0.021364700145332538,0.04764164667400353,-0.1203019317746314
-1.0090018447802425,-0.535147110494154,-0.22206307549040974,-0.01647216189995788,-9.084516508334812e-06,-0.0018294123687616626,-0.0012551910652981288,-0.0012147193943231234,-0.0004475683715163825,0.00024129511341897114,-0.0012485220506643913,-0.0011912655512462678,-0.0002648597098726668,0,0.0008065459322317281,0.00275271812613731,-0.0002988251800933502,-0.00016696337691834984,0.0005736863484436583,-0.00020605834083179767,-0.02445463726750471,0.053563745044519884,-0.1336982419395763
-0.9369878948625274,-0.4940439901432369,-0.20362503136056156,-0.015048014993800958,-8.883065808067414e-05,-0.0017157605424805587,-0.0011991104236648287,-0.0011564088997386385,-0.0005073979649689401,3.172690428883129e-05,-0.0011380280210562255,-0.0010630256782414211,-0.0005357028210521975,-0.0008065459322317281,0,0.004698890320042892,-0.0008515107362558894,-0.0004914664799683758,0.0005154714524966408,-0.0004085791954445028,-0.028664834467460782,0.061100487774846765,-0.1505113404235523
-0.8748352945596951,-0.4590907687272945,-0.1883230205112909,-0.014185587937654454,-0.0005079269909863303,-0.002014073520236792,-0.0015879748565957247,-0.0015992190772766701,-0.0011061825871223618,-0.000756709299766456,-0.0018502004808535588,-0.001971991838691789,-0.001923431987382429,-0.00275271812613731,-0.004698890320042892,0,-0.006401911792554671,-0.00308664487997401,-0.0008790015033521096,-0.0016854465743163516,-0.03533757942496152,0.07050075401731408,-0.17268423052978019
-0.8197579691626795,-0.42805792335930454,-0.17441409677530192,-0.012601934112253752,6.789290764208644e-05,-0.0012489839463466592,-0.0007889861916806851,-0.0007102045361842989,-0.00016767078966273274,0.0002659508562794193,-0.0004748484352855205,-0.00029721111244249696,0.00015790395760184595,0.0002988251800933502,0.0008515107362558894,0.006401911792554671,0,0.00022862203260665126,0.001882453641249171,-0.00011329150157024515,-0.04257149633306323,0.08588128717928782,-0.20039795031931776
-0.7715503605079693,-0.4013185920263859,-0.16280173179245558,-0.011718126106564673,4.5084066084491236e-05,-0.0011639537868683252,-0.0007380439954012274,-0.0006620462858265341,-0.0001744431499898348,0.0002041292451686605,-0.0004396732349028249,-0.0002857795991365227,8.05987595601465e-05,0.00016696337691834984,0.0004914664799683758,0.00308664487997401,-0.00022862203260665126,0,0.003536285249891691,-0.00028424826865869335,-0.05683820245495319,0.10729445346595812,-0.24052326478970265
-0.7288829118825206,-0.3779196328042392,-0.15284764138354534,-0.01117267004945314,-0.00021072802791380747,-0.0013464408224855072,-0.0009712307666087661,-0.0009233407371051848,-0.0005106273599800204,-0.00021147236539360078,-0.0008267497367764332,-0.0007501375492444039,-0.0005222152420151597,-0.0005736863484436583,-0.0005154714524966408,0.0008790015033521096,-0.001882453641249171,-0.003536285249891691,0,-0.0041047817872090775,-0.08702544630737563,0.14188050953798026,-0.30153815229960124
-0.6903046122156927,-0.3566960542158254,-0.14361514590291272,-0.010217829309661752,7.697262642771818e-05,-0.0009570677789358939,-0.000580768262468932,-0.0005043305267456629,-9.104471023555696e-05,0.00022015304986666706,-0.00027880178966693196,-0.00014327263218771868,0.00013878433358830274,0.00020605834083179767,0.0004085791954445028,0.0016854465743163516,0.00011329150157024515,0.00028424826865869335,0.0041047817872090775,0,-0.16994611082754219,0.21487315520057493,-0.40068260913706527
-0.647292076063531,-0.32897804552933235,-0.12619507608455413,0.00038004952193847934,0.010693793763997372,0.010436477461495978,0.01159972310110329,0.012607241885122633,0.014078718251245922,0.015649785575109897,0.01674368947205398,0.018755547752226716,0.021364700145332538,0.02445463726750471,0.028664834467460782,0.03533757942496152,0.04257149633306323,0.05683820245495319,0.08702544630737563,0.16994611082754219,0,0.599692421228692,-0.5160508582918268
-0.6450254258333006,-0.34251376431430036,-0.15111598898687717,-0.03295730996420766,-0.02521127770616083,-0.027696578706640773,-0.029153086520883064,-0.0311284483372927,-0.03313444632413392,-0.03562873165854027,-0.039295956955286565,-0.04308924914586516,-0.04764164667400353,-0.053563745044519884,-0.061100487774846765,-0.07050075401731408,-0.08588128717928782,-0.10729445346595812,-0.14188050953798026,-0.21487315520057493,-0.599692421228692,0,-1.6317941378123457
-0.5415336274857712,-0.2484991023082696,-0.06197048264691603,0.05466118728718988,0.06684457871153399,0.06992052226506432,0.07465611499994373,0.07973305740601652,0.08578902397132891,0.09263456599306635,0.09996155094201613,0.10917287694124492,0.1203019317746314,0.1336982419395763,0.1505113404235523,0.17268423052978019,0.20039795031931776,0.24052326478970265,0.30153815229960124,0.40068260913706527,0.5160508582918268,1.6317941378123457,0
