0,6.618035187792997,5.406712950495542,4.317080980995871,3.278470538457131,2.62378815515744,2.1859530536046363,1.8734847891260848,1.6390004300304835,1.4571454740604362,1.3116140418637787,1.192500163272275,1.0932776353500482,1.008902929699285,0.9372198077242218,0.874731357203408,0.8200787113542667,0.7709780578662031,0.7281843531707496,0.6906239729275777,0.6536777767281029,0.6210314375521803,0.5255934384800958
-6.618035187792997,0,4.195390713198086,3.1666038775973075,2.165282322011842,1.6252263969985508,1.299536626766964,1.0827263893482661,0.9277097503501244,0.812034259843866,0.7220116923160877,0.6499466608202027,0.5910269487643256,0.541475241524809,0.5002340092573929,0.4644953693041516,0.4335482795916847,0.4055369872457785,0.3817225393694409,0.3613233498794989,0.339764228777319,0.3211812500401395,0.23547716470329097
-5.406712950495542,-4.195390713198086,0,2.137817041996529,1.1502281264187202,0.7685049582653724,0.5755731051591835,0.46019352457830215,0.38309625654213075,0.328697623650406,0.287839314705838,0.2560084327782156,0.2305905723209495,0.20930110773632923,0.1923042839290018,0.17750341977384893,0.16484524861979885,0.15288007218229135,0.14336827850515055,0.1357899755666408,0.12556275742060968,0.11727548882130016,0.037481487278551204
-4.317080980995871,-3.1666038775973075,-2.137817041996529,0,0.16263921084091137,0.08384891639979397,0.05482512621340163,0.04078764522374545,0.0321520994512511,0.027177720592718835,0.023556782235739298,0.020782356625926424,0.018676520134774006,0.016449514310309256,0.015439487741044805,0.014143951255292256,0.013078187590819605,0.01109886005270295,0.010405027605725318,0.010663283914772781,0.007194858327908553,0.005023180311565234,-0.07306248928555288
-3.278470538457131,-2.165282322011842,-1.1502281264187202,-0.16263921084091137,0,0.005058621958676568,0.00091808389964676,0.00017045668469014194,-0.0004696783961639639,8.542254308032681e-05,0.00037637746821062024,0.0005170917380714306,0.0006811837965068346,0.00020621469579790782,0.0007195154310581486,0.0006443822020541552,0.0006147689866452902,-0.0005580900079284681,-0.00046884262535940024,0.000531555453030208,-0.002520413704154123,-0.0042483508960433625,-0.08615702818146757
-2.62378815515744,-1.6252263969985508,-0.7685049582653724,-0.08384891639979397,-0.005058621958676568,0,-0.003222454159383048,-0.002273625952303071,-0.002312445181110808,-0.0011578773108187335,-0.0005600714298825693,-0.0002398299653627589,5.58354876254441e-05,-0.0004003362120619247,0.00023739248354499095,0.00020295822639191386,0.00021078235282426502,-0.0010261493384788878,-0.0008940322087467825,0.00020819355976975373,-0.0030256827483428356,-0.004830036699463358,-0.09152265466029957
-2.1859530536046363,-1.299536626766964,-0.5755731051591835,-0.05482512621340163,-0.00091808389964676,0.003222454159383048,0,-0.0013247977452230941,-0.0018574406919746878,-0.00046968502796396194,0.00010552425249255037,0.0003566948734412989,0.0006022170954601928,2.823494698235761e-06,0.0006698733139109958,0.0005835596025891318,0.0005541060040449963,-0.0008264852638512368,-0.0006999970461937602,0.0004720895381661231,-0.003011627647554249,-0.004937208868802045,-0.09704141719160686
-1.8734847891260848,-1.0827263893482661,-0.46019352457830215,-0.04078764522374545,-0.00017045668469014194,0.002273625952303071,0.0013247977452230941,0,-0.0023900836387262814,-4.212866933439585e-05,0.0005822982517310985,0.0007770680281073972,0.0009876200635968503,0.00022409370135179074,0.0009548263223587229,0.0008221042710656601,0.0007628730872970064,-0.0007766540157140511,-0.000643196982645639,0.0006218301451152245,-0.0031413837938874148,-0.0051952382347719706,-0.10342252515469912
-1.6390004300304835,-0.9277097503501244,-0.38309625654213075,-0.0321520994512511,0.0004696783961639639,0.002312445181110808,0.0018574406919746878,0.0023900836387262814,0,0.0023058263000574897,0.0020684891969597885,0.00183278525038529,0.001832045989177633,0.0007469291693674052,0.0015123113158728903,0.0012809882581787946,0.0011569926780499173,-0.0005973840576015811,-0.00046850831703757476,0.000895640489100816,-0.003203992140150843,-0.005411019357544716,-0.11063912812012575
-1.4571454740604362,-0.812034259843866,-0.328697623650406,-0.027177720592718835,-8.542254308032681e-05,0.0011578773108187335,0.00046968502796396194,4.212866933439585e-05,-0.0023058263000574897,0,0.0018311520938620873,0.0015962647255491902,0.0016741192188843475,0.00035720488669488404,0.0013536083190359705,0.0011101819178656787,0.0009928735891916926,-0.0009602853523089649,-0.0007767677189370264,0.0007546219080051486,-0.0037048847256243274,-0.006054089829011566,-0.11932720153706292
-1.3116140418637787,-0.7220116923160877,-0.287839314705838,-0.023556782235739298,-0.00037637746821062024,0.0005600714298825693,-0.00010552425249255037,-0.0005822982517310985,-0.0020684891969597885,-0.0018311520938620873,0,0.001361377357236293,0.0015956027813954776,-0.00013411084902751705,0.0012342223753294412,0.000965987882666397,0.0008531605050799603,-0.001359062130333401,-0.0011027576955369156,0.0006350074429099332,-0.004258488407572969,-0.006770930003818262,-0.12942373100630666
-1.192500163272275,-0.6499466608202027,-0.2560084327782156,-0.020782356625926424,-0.0005170917380714306,0.0002398299653627589,-0.0003566948734412989,-0.0007770680281073972,-0.00183278525038529,-0.0015962647255491902,-0.001361377357236293,0,0.0018298282055546622,-0.0008818549521594221,0.0011918373813604906,0.000867140514023923,0.0007515171346486937,-0.0018124687115950167,-0.0014547769887902312,0.0005442112036191382,-0.004882917936996221,-0.007584160739923717,-0.14131328631208329
-1.0932776353500482,-0.5910269487643256,-0.2305905723209495,-0.018676520134774006,-0.0006811837965068346,-5.58354876254441e-05,-0.0006022170954601928,-0.0009876200635968503,-0.001832045989177633,-0.0016741192188843475,-0.0015956027813954776,-0.0018298282055546622,0,-0.0035935381098735064,0.0008728419692634048,0.00054624461684701,0.00048193936692220163,-0.0025409280950249523,-0.0020022111878477133,0.00036055163191406336,-0.005722011204815081,-0.008630159511643538,-0.1556275977638471
-1.008902929699285,-0.541475241524809,-0.20930110773632923,-0.016449514310309256,-0.00020621469579790782,0.0004003362120619247,-2.823494698235761e-06,-0.00022409370135179074,-0.0007469291693674052,-0.00035720488669488404,0.00013411084902751705,0.0008818549521594221,0.0035935381098735064,0,0.005339222048400316,0.002616135980207268,0.0018404318591874376,-0.002277775591312814,-0.0016839458034425547,0.0010195665888786583,-0.006026078789806734,-0.009259737186864792,-0.17252027105873305
-0.9372198077242218,-0.5002340092573929,-0.1923042839290018,-0.015439487741044805,-0.0007195154310581486,-0.00023739248354499095,-0.0006698733139109958,-0.0009548263223587229,-0.0015123113158728903,-0.0013536083190359705,-0.0012342223753294412,-0.0011918373813604906,-0.0008728419692634048,-0.005339222048400316,0,-0.00010695008798577987,9.103676458099841e-05,-0.004816774804550524,-0.0034397377664032724,0.00015563549697432676,-0.007920295596174576,-0.011345302791902665,-0.19475270769712472
-0.874731357203408,-0.4644953693041516,-0.17750341977384893,-0.014143951255292256,-0.0006443822020541552,-0.00020295822639191386,-0.0005835596025891318,-0.0008221042710656601,-0.0012809882581787946,-0.0011101819178656787,-0.000965987882666397,-0.000867140514023923,-0.00054624461684701,-0.002616135980207268,0.00010695008798577987,0,0.0002890236171477767,-0.007171687162832896,-0.004550666992542436,0.00022128189321435343,-0.009482964697812336,-0.013218361575888812,-0.2225592444984303
-0.8200787113542667,-0.4335482795916847,-0.16484524861979885,-0.013078187590819605,-0.0006147689866452902,-0.00021078235282426502,-0.0005541060040449963,-0.0007628730872970064,-0.0011569926780499173,-0.0009928735891916926,-0.0008531605050799603,-0.0007515171346486937,-0.00048193936692220163,-0.0018404318591874376,-9.103676458099841e-05,-0.0002890236171477767,0,-0.014632397942813569,-0.006970512297387543,0.00019870131856987902,-0.011925961776552363,-0.01591983861449613,-0.25970062251769327
-0.7709780578662031,-0.4055369872457785,-0.15288007218229135,-0.01109886005270295,0.0005580900079284681,0.0010261493384788878,0.0008264852638512368,0.0007766540157140511,0.0005973840576015811,0.0009602853523089649,0.001359062130333401,0.0018124687115950167,0.0025409280950249523,0.002277775591312814,0.004816774804550524,0.007171687162832896,0.014632397942813569,0,0.000691373348038482,0.007614250949261603,-0.011023816387798627,-0.01624169878241677,-0.3087142674326692
-0.7281843531707496,-0.3817225393694409,-0.14336827850515055,-0.010405027605725318,0.00046884262535940024,0.0008940322087467825,0.0006999970461937602,0.000643196982645639,0.00046850831703757476,0.0007767677189370264,0.0011027576955369156,0.0014547769887902312,0.0020022111878477133,0.0016839458034425547,0.0034397377664032724,0.004550666992542436,0.006970512297387543,-0.000691373348038482,0,0.014537128550484724,-0.016881411255717182,-0.021886056159235185,-0.38606567762784616
-0.6906239729275777,-0.3613233498794989,-0.1357899755666408,-0.010663283914772781,-0.000531555453030208,-0.00020819355976975373,-0.0004720895381661231,-0.0006218301451152245,-0.000895640489100816,-0.0007546219080051486,-0.0006350074429099332,-0.0005442112036191382,-0.00036055163191406336,-0.0010195665888786583,-0.00015563549697432676,-0.00022128189321435343,-0.00019870131856987902,-0.007614250949261603,-0.014537128550484724,0,-0.04829995106191909,-0.04009764851409514,-0.5195999463539565
-0.6536777767281029,-0.339764228777319,-0.12556275742060968,-0.007194858327908553,0.002520413704154123,0.0030256827483428356,0.003011627647554249,0.0031413837938874148,0.003203992140150843,0.0037048847256243274,0.004258488407572969,0.004882917936996221,0.005722011204815081,0.006026078789806734,0.007920295596174576,0.009482964697812336,0.011925961776552363,0.011023816387798627,0.016881411255717182,0.04829995106191909,0,-0.031895345966271194,-0.7552499439999751
-0.6210314375521803,-0.3211812500401395,-0.11727548882130016,-0.005023180311565234,0.0042483508960433625,0.004830036699463358,0.004937208868802045,0.0051952382347719706,0.005411019357544716,0.006054089829011566,0.006770930003818262,0.007584160739923717,0.008630159511643538,0.009259737186864792,0.011345302791902665,0.013218361575888812,0.01591983861449613,0.01624169878241677,0.021886056159235185,0.04009764851409514,0.031895345966271194,0,-1.478604542033679
-0.5255934384800958,-0.23547716470329097,-0.037481487278551204,0.07306248928555288,0.08615702818146757,0.09152265466029957,0.09704141719160686,0.10342252515469912,0.11063912812012575,0.11932720153706292,0.12942373100630666,0.14131328631208329,0.1556275977638471,0.17252027105873305,0.19475270769712472,0.2225592444984303,0.25970062251769327,0.3087142674326692,0.38606567762784616,0.5195999463539565,0.7552499439999751,1.478604542033679,0
