0,6.665709557854442,5.360831610125389,4.328490581934183,3.2768716308824226,2.621870725169353,2.1845179413013924,1.8725539653031285,1.6392298735963116,1.4571009320871577,1.3112593265506929,1.1922632402252038,1.0930240751216607,1.0090520811616417,0.9369394078928641,0.8743529509095473,0.8197141161464531,0.7720616209900819,0.7295051062801223,0.6914979517997075,0.6523902289003919,0.6398471062534501,0.6301861792319255
-6.665709557854442,0,4.055953662396335,3.1598810939740534,2.147258988558416,1.6109110169980807,1.2882796179907827,1.0736946998779096,0.9211613472737215,0.8060248538662472,0.7163204119613874,0.64491860846228,0.586416303964135,0.5376639581039082,0.49626478097274274,0.4606846218420549,0.4299810866992538,0.40370862493605936,0.3803166091286917,0.3595973070188889,0.3358997379028103,0.3385539836734005,0.3427803040594248
-5.360831610125389,-4.055953662396335,0,2.263808525551772,1.1929116516394567,0.7958968018653293,0.5963611068893946,0.4772429073742245,0.39869596141995256,0.34174930979052043,0.29886625565701896,0.2659147135807183,0.2394625681209151,0.21781943953186944,0.19962404085411004,0.18412546487634104,0.1709830455780337,0.16022562243870767,0.15058929329946402,0.14216458023198034,0.12923007543094783,0.14290136900377237,0.1571216361425793
-4.328490581934183,-3.1598810939740534,-2.263808525551772,0,0.12201477772714142,0.06194094002210804,0.040545300668602145,0.030601502829837646,0.025673448593588687,0.021406107163645178,0.018160217100625684,0.016177987084336598,0.01453523951748655,0.013220530929879182,0.011970905881595328,0.010818543153388482,0.009996470195438461,0.009969700787774498,0.009708011149310162,0.009561833649493368,0.0036666371885464223,0.025073193639994606,0.04624337880525337
-3.2768716308824226,-2.147258988558416,-1.1929116516394567,-0.12201477772714142,0,0.0018671023170746537,-0.00018943786066749624,0.00013041119740305382,0.0015881163102005047,0.0012843730509459305,0.000851123662873062,0.001058445563935909,0.0011002972412796908,0.001132281285738933,0.0009665186970407192,0.0007097945557745788,0.0006616112344632145,0.0013508487155155042,0.0016860992508936437,0.0020649707109834975,-0.003730121595115765,0.019370747517221263,0.04203385664292626
-2.621870725169353,-1.6109110169980807,-0.7958968018653293,-0.06194094002210804,-0.0018671023170746537,0,-0.002245978038409646,-0.0007379343624327461,0.0014951209745757883,0.0011386907344137498,0.0006479279320327436,0.0009236694384127849,0.0009907536590232674,0.0010404286568219678,0.000866453850370282,0.0005940637796445714,0.0005520211360439928,0.0013078275820522418,0.001672175938110489,0.002079104167691272,-0.00410326985592846,0.020464725342230428,0.04439660689738812
-2.1845179413013924,-1.2882796179907827,-0.5963611068893946,-0.040545300668602145,0.00018943786066749624,0.002245978038409646,0,0.0007701093135441539,0.0033656704810685056,0.0022669136586882153,0.001371404424643341,0.001557598933777271,0.001530208941928753,0.0015099153275693414,0.001255507836467773,0.0009096239816505955,0.0008318210534893567,0.0016309008202760498,0.001998688769487167,0.002411802798929804,-0.004235933557179804,0.021978772234273098,0.04731176845587548
-1.8725539653031285,-1.0736946998779096,-0.4772429073742245,-0.030601502829837646,-0.00013041119740305382,0.0007379343624327461,-0.0007701093135441539,0,0.005961231648592857,0.0030153158312602457,0.00157183612834307,0.0017544713388355504,0.0016822288676056729,0.0016332163299068725,0.0013248504825997185,0.0009270633151639007,0.0008386779134832681,0.0017169799709492394,0.0021103778109365316,0.002548610589378608,-0.004621013778004723,0.02349367672861088,0.0504145457320309
-1.6392298735963116,-0.9211613472737215,-0.39869596141995256,-0.025673448593588687,-0.0015881163102005047,-0.0014951209745757883,-0.0033656704810685056,-0.005961231648592857,0,6.940001392763406e-05,-0.0006228616317818236,0.0003522179022497814,0.0006124781723588768,0.0007676132661696755,0.0005521202882675288,0.0002078964103883355,0.0001983586965945694,0.0012453964512110598,0.0017252924271708991,0.002238372311268222,-0.0055028675635545215,0.02484232635015073,0.053589782452276476
-1.4571009320871577,-0.8060248538662472,-0.34174930979052043,-0.021406107163645178,-0.0012843730509459305,-0.0011386907344137498,-0.0022669136586882153,-0.0030153158312602457,-6.940001392763406e-05,0,-0.0013151232774912813,0.0004936268464108551,0.0007935042251692911,0.0009421665792301859,0.0006486643431355077,0.00023097914313178572,0.00021678136554698874,0.001392396005871488,0.0019092804730868175,0.0024552695410022807,-0.006009437343325627,0.02690673687816932,0.05770673494753408
-1.3112593265506929,-0.7163204119613874,-0.29886625565701896,-0.018160217100625684,-0.000851123662873062,-0.0006479279320327436,-0.001371404424643341,-0.00157183612834307,0.0006228616317818236,0.0013151232774912813,0,0.0023023769703129915,0.0018478179764995772,0.001694596531470675,0.001139611248292205,0.0005401996272563992,0.00047209880605336707,0.0017791844749233121,0.00231233094190908,0.002874202076390454,-0.0064788687499090615,0.02947236052868392,0.06262522313295286
-1.1922632402252038,-0.64491860846228,-0.2659147135807183,-0.016177987084336598,-0.001058445563935909,-0.0009236694384127849,-0.001557598933777271,-0.0017544713388355504,-0.0003522179022497814,-0.0004936268464108551,-0.0023023769703129915,0,0.001393258982686163,0.0013907063120495167,0.0007520226742852761,9.965529149225105e-05,0.00010604317320144219,0.0016919857256916988,0.0023137529378513782,0.002945680214650137,-0.007454562718822623,0.03218935888452101,0.06810911823864739
-1.0930240751216607,-0.586416303964135,-0.2394625681209151,-0.01453523951748655,-0.0011002972412796908,-0.0009907536590232674,-0.001530208941928753,-0.0016822288676056729,-0.0006124781723588768,-0.0007935042251692911,-0.0018478179764995772,-0.001393258982686163,0,0.0013881536414128703,0.00043140452008483265,-0.0003315459389057196,-0.00021576077916973802,0.0017517310742928061,0.0024671685970455806,0.0031674546763592764,-0.008560540431511221,0.03561114776250266,0.07478070416424351
-1.0090520811616417,-0.5376639581039082,-0.21781943953186944,-0.013220530929879182,-0.001132281285738933,-0.0010404286568219678,-0.0015099153275693414,-0.0016332163299068725,-0.0007676132661696755,-0.0009421665792301859,-0.001694596531470675,-0.0013907063120495167,-0.0013881536414128703,0,-0.000525344601243205,-0.0011913957290650146,-0.0007503989193639408,0.00184262543251279,0.0026829715881721227,0.003464004848850344,-0.009981782441928948,0.03988902202763889,0.0829354320001136
-0.9369394078928641,-0.49626478097274274,-0.19962404085411004,-0.011970905881595328,-0.0009665186970407192,-0.000866453850370282,-0.001255507836467773,-0.0013248504825997185,-0.0005521202882675288,-0.0006486643431355077,-0.001139611248292205,-0.0007520226742852761,-0.00043140452008483265,0.000525344601243205,0,-0.001857446856886824,-0.0008629260784243087,0.002631948777098122,0.0034850506355259547,0.004261874738869053,-0.011557855415376572,0.04566250297462204,0.09336802907528319
-0.8743529509095473,-0.4606846218420549,-0.18412546487634104,-0.010818543153388482,-0.0007097945557745788,-0.0005940637796445714,-0.0009096239816505955,-0.0009270633151639007,-0.0002078964103883355,-0.00023097914313178572,-0.0005401996272563992,-9.965529149225105e-05,0.0003315459389057196,0.0011913957290650146,0.001857446856886824,0,0.00013159470003820672,0.0048766465940905945,0.005265883132996881,0.005791705137808023,-0.013497937127074523,0.053582494613206855,0.10697166849416462
-0.8197141161464531,-0.4299810866992538,-0.1709830455780337,-0.009996470195438461,-0.0006616112344632145,-0.0005520211360439928,-0.0008318210534893567,-0.0008386779134832681,-0.0001983586965945694,-0.00021678136554698874,-0.00047209880605336707,-0.00010604317320144219,0.00021576077916973802,0.0007503989193639408,0.0008629260784243087,-0.00013159470003820672,0,0.009621698488142982,0.007833027349476218,0.007678408617064629,-0.016905320083852704,0.06427267459584059,0.12477834745985235
-0.7720616209900819,-0.40370862493605936,-0.16022562243870767,-0.009969700787774498,-0.0013508487155155042,-0.0013078275820522418,-0.0016309008202760498,-0.0017169799709492394,-0.0012453964512110598,-0.001392396005871488,-0.0017791844749233121,-0.0016919857256916988,-0.0017517310742928061,-0.00184262543251279,-0.002631948777098122,-0.0048766465940905945,-0.009621698488142982,0,0.006044356210809454,0.006706763681525452,-0.025747659607851265,0.07793541862276498,0.14780967725419422
-0.7295051062801223,-0.3803166091286917,-0.15058929329946402,-0.009708011149310162,-0.0016860992508936437,-0.001672175938110489,-0.001998688769487167,-0.0021103778109365316,-0.0017252924271708991,-0.0019092804730868175,-0.00231233094190908,-0.0023137529378513782,-0.0024671685970455806,-0.0026829715881721227,-0.0034850506355259547,-0.005265883132996881,-0.007833027349476218,-0.006044356210809454,0,0.007369171152241449,-0.041643667517181626,0.10189910609341683,0.18325100751504042
-0.6914979517997075,-0.3595973070188889,-0.14216458023198034,-0.009561833649493368,-0.0020649707109834975,-0.002079104167691272,-0.002411802798929804,-0.002548610589378608,-0.002238372311268222,-0.0024552695410022807,-0.002874202076390454,-0.002945680214650137,-0.0031674546763592764,-0.003464004848850344,-0.004261874738869053,-0.005791705137808023,-0.007678408617064629,-0.006706763681525452,-0.007369171152241449,0,-0.0906565061866047,0.14916407356400452,0.24187828630264008
-0.6523902289003919,-0.3358997379028103,-0.12923007543094783,-0.0036666371885464223,0.003730121595115765,0.00410326985592846,0.004235933557179804,0.004621013778004723,0.0055028675635545215,0.006009437343325627,0.0064788687499090615,0.007454562718822623,0.008560540431511221,0.009981782441928948,0.011557855415376572,0.013497937127074523,0.016905320083852704,0.025747659607851265,0.041643667517181626,0.0906565061866047,0,0.38898465331461374,0.40814568254726247
-0.6398471062534501,-0.3385539836734005,-0.14290136900377237,-0.025073193639994606,-0.019370747517221263,-0.020464725342230428,-0.021978772234273098,-0.02349367672861088,-0.02484232635015073,-0.02690673687816932,-0.02947236052868392,-0.03218935888452101,-0.03561114776250266,-0.03988902202763889,-0.04566250297462204,-0.053582494613206855,-0.06427267459584059,-0.07793541862276498,-0.10189910609341683,-0.14916407356400452,-0.38898465331461374,0,0.4273067117799112
-0.6301861792319255,-0.3427803040594248,-0.1571216361425793,-0.04624337880525337,-0.04203385664292626,-0.04439660689738812,-0.04731176845587548,-0.0504145457320309,-0.053589782452276476,-0.05770673494753408,-0.06262522313295286,-0.06810911823864739,-0.07478070416424351,-0.0829354320001136,-0.09336802907528319,-0.10697166849416462,-0.12477834745985235,-0.14780967725419422,-0.18325100751504042,-0.24187828630264008,-0.40814568254726247,-0.4273067117799112,0
