0,-6.674369689806428,-5.324620899277994,-4.27159944148297,-3.248441714389001,-2.4897278832837952,-1.952151837044604,-1.5659083258981674,-1.2813410087200714,-1.0664104295669405,-0.9008545149795072,-0.7706302210961345,-0.6666515612826888,-0.5822085235771728,-0.5127794469746821,-0.4550762164758451,-0.4065426153978623,-0.36539872430510784,-0.33037483473551404,-0.30022824563398315,-0.2738271865987449,-0.25389809135549846,-0.24469710910402726
-6.674369689806428,0,-3.9748721087495555,-3.119668872776808,-2.1608975664889347,-1.5337158621016742,-1.135618474176793,-0.8723149206650358,-0.6900041255006967,-0.5587193916956205,-0.46159050176496413,-0.3875552477599862,-0.33009264020032325,-0.2844366614758624,-0.2476279828017742,-0.21758451679281302,-0.19267067804046176,-0.17184773356707692,-0.1544379663495322,-0.13963772243583852,-0.12665560981689072,-0.11884484614874923,-0.12108497871139497
-5.324620899277994,-3.9748721087495555,0,-2.2644656368040583,-1.2366489503061056,-0.7580007018166284,-0.5109504228358127,-0.3681017019337966,-0.2777630277885723,-0.21671738496025822,-0.1740047432084256,-0.1426795901137593,-0.119292082569836,-0.10116020032971133,-0.08688502665132539,-0.07551291637686358,-0.06622011251299184,-0.058600620671368474,-0.05246583529831231,-0.047351356622121143,-0.04271706012893893,-0.04251907506277893,-0.052241674639577955
-4.27159944148297,-3.119668872776808,-2.2644656368040583,0,-0.20883226380814474,-0.09629630732432685,-0.0565730860992524,-0.03833581153105274,-0.02780620947166862,-0.020735188211523092,-0.01633993520891745,-0.013090260981992577,-0.010943117755638991,-0.00921434143807379,-0.007884281961895384,-0.006916576982044298,-0.00609570676544982,-0.005476870111282242,-0.005215705386606236,-0.005058362149887398,-0.00460836543215554,-0.008400981379744533,-0.022507650282526562
-3.248441714389001,-2.1608975664889347,-1.2366489503061056,-0.20883226380814474,0,0.016239649159498472,0.00742104687873415,0.0027798922420405095,0.0010750536159400415,0.0008759942669317513,0.0003524102764388243,0.00024141668875476242,-9.689218364540041e-05,-0.00019160571696563413,-0.0002602146489571639,-0.0004019033912855126,-0.00045700292456430584,-0.0005552901542124713,-0.0009155141271881092,-0.0012760268933075375,-0.0012180700036742251,-0.005808787215272711,-0.02167323117776577
-2.4897278832837952,-1.5337158621016742,-0.7580007018166284,-0.09629630732432685,0.016239649159498472,0,-0.0013975554020241047,-0.0032537449426790497,-0.0027941842894674603,-0.0015251722159151774,-0.0014228953756241112,-0.0010583712306283062,-0.001156310341282366,-0.0010366450691991038,-0.000949967917141546,-0.0009920085638610262,-0.0009579404905894706,-0.000994281514642571,-0.0013432530036958407,-0.0016948022884294466,-0.0015772538632028662,-0.006665798527984753,-0.024197735007121097
-1.952151837044604,-1.135618474176793,-0.5109504228358127,-0.0565730860992524,0.00742104687873415,-0.0013975554020241047,0,-0.005109934483329232,-0.00310654036754843,-0.0010468442181801375,-0.001094987840866768,-0.0007182581591252108,-0.0009413550361087728,-0.0008455122722977943,-0.00078204748576145,-0.0008660803481007808,-0.0008487141189176461,-0.0009093163755908999,-0.0013250473458919648,-0.0017294187652737412,-0.0015915816864371392,-0.007314403456413726,-0.026832614235631824
-1.5659083258981674,-0.8723149206650358,-0.3681017019337966,-0.03833581153105274,0.0027798922420405095,-0.0032537449426790497,-0.005109934483329232,0,-0.0011031462517667192,0.0009940845866607659,-9.859524978846259e-05,3.0269268216903936e-05,-0.0005167023768758114,-0.0005148052974711262,-0.0005181510580071817,-0.0006795015403668387,-0.0006959778268944897,-0.000795368910604225,-0.001299379620118756,-0.0017699109079861311,-0.0016065982260707184,-0.008090460693426263,-0.029951440665420683
-1.2813410087200714,-0.6900041255006967,-0.2777630277885723,-0.02780620947166862,0.0010750536159400415,-0.0027941842894674603,-0.00310654036754843,-0.0011031462517667192,0,0.0030913154250832493,-0.0001279715279463418,8.001338814251496e-05,-0.0007056445629605794,-0.000640134395058162,-0.0006086277735784527,-0.0007876966976364505,-0.0007837910128874375,-0.0008854976761404593,-0.0014647596481963203,-0.001986149479362495,-0.0017644442969414879,-0.009152023392365156,-0.033786259000767115
-1.0664104295669405,-0.5587193916956205,-0.21671738496025822,-0.020735188211523092,0.0008759942669317513,-0.0015251722159151774,-0.0010468442181801375,0.0009940845866607659,0.0030913154250832493,0,-0.0033472584809759675,-0.0008544256521422444,-0.0015656930586517967,-0.0011299594253139174,-0.0009246755865898287,-0.001064607685231002,-0.000990497832396592,-0.0010688711275926572,-0.0017273108037698579,-0.0022957622123160985,-0.0019855040439992894,-0.010475624577633603,-0.03843995081791172
-0.9008545149795072,-0.46159050176496413,-0.1740047432084256,-0.01633993520891745,0.0003524102764388243,-0.0014228953756241112,-0.001094987840866768,-9.859524978846259e-05,-0.0001279715279463418,-0.0033472584809759675,0,0.0016384071766899194,-0.0012089270533808768,-0.0007337096060085442,-0.0006048121595191517,-0.0008980094333968237,-0.000850324837419297,-0.0009833347051583928,-0.0018071024032493953,-0.0024732857736091958,-0.0020743400180897376,-0.011964674644982255,-0.0440021202964795
-0.7706302210961345,-0.3875552477599862,-0.1426795901137593,-0.013090260981992577,0.00024141668875476242,-0.0010583712306283062,-0.0007182581591252108,3.0269268216903936e-05,8.001338814251496e-05,-0.0008544256521422444,0.0016384071766899194,0,-0.004056261283447315,-0.0013660093844514985,-0.000856513325491773,-0.001166309042534694,-0.001013296378185598,-0.0011377457679164428,-0.002128852624840737,-0.002871576694926052,-0.002313183604040354,-0.013958334783831267,-0.05100307802077025
-0.6666515612826888,-0.33009264020032325,-0.119292082569836,-0.010943117755638991,-9.689218364540041e-05,-0.001156310341282366,-0.0009413550361087728,-0.0005167023768758114,-0.0007056445629605794,-0.0015656930586517967,-0.0012089270533808768,-0.004056261283447315,0,0.0013242425145497496,0.0003799013468107358,-0.0007029995649038827,-0.0006741056258634946,-0.0009531017296140557,-0.0022801374137464032,-0.003170721304126675,-0.0024217642798869754,-0.016374229560467392,-0.05971512706291561
-0.5822085235771728,-0.2844366614758624,-0.10116020032971133,-0.00921434143807379,-0.00019160571696563413,-0.0010366450691991038,-0.0008455122722977943,-0.0005148052974711262,-0.000640134395058162,-0.0011299594253139174,-0.0007337096060085442,-0.0013660093844514985,0.0013242425145497496,0,-0.000564439820923,-0.0017397138952933082,-0.0011780158215419735,-0.0013670462885193367,-0.002998445681058958,-0.003938251178030961,-0.0028101724292570953,-0.0197768726278823,-0.07110542101733769
-0.5127794469746821,-0.2476279828017742,-0.08688502665132539,-0.007884281961895384,-0.0002602146489571639,-0.000949967917141546,-0.00078204748576145,-0.0005181510580071817,-0.0006086277735784527,-0.0009246755865898287,-0.0006048121595191517,-0.000856513325491773,0.0003799013468107358,-0.000564439820923,0,-0.002914987969656409,-0.0011953084638315968,-0.0014702078431521302,-0.0037129023708551445,-0.00472782413688437,-0.00305184490021752,-0.024199802030759703,-0.08595182130612086
-0.4550762164758451,-0.21758451679281302,-0.07551291637686358,-0.006916576982044298,-0.0004019033912855126,-0.0009920085638610262,-0.0008660803481007808,-0.0006795015403668387,-0.0007876966976364505,-0.001064607685231002,-0.0008980094333968237,-0.001166309042534694,-0.0007029995649038827,-0.0017397138952933082,-0.002914987969656409,0,0.0005243710419997989,-0.0010802475940911783,-0.004639269510178414,-0.005689613126890549,-0.003134377814664953,-0.030301027578376508,-0.10596574528567501
-0.4065426153978623,-0.19267067804046176,-0.06622011251299184,-0.00609570676544982,-0.00045700292456430584,-0.0009579404905894706,-0.0008487141189176461,-0.0006959778268944897,-0.0007837910128874375,-0.000990497832396592,-0.000850324837419297,-0.001013296378185598,-0.0006741056258634946,-0.0011780158215419735,-0.0011953084638315968,0.0005243710419997989,0,-0.0026848662301793727,-0.0075468236662662265,-0.007668562013290589,-0.0032996530216153185,-0.039466760970912944,-0.1341311884824286
-0.36539872430510784,-0.17184773356707692,-0.058600620671368474,-0.005476870111282242,-0.0005552901542124713,-0.000994281514642571,-0.0009093163755908999,-0.000795368910604225,-0.0008854976761404593,-0.0010688711275926572,-0.0009833347051583928,-0.0011377457679164428,-0.0009531017296140557,-0.0013670462885193367,-0.0014702078431521302,-0.0010802475940911783,-0.0026848662301793727,0,-0.012408781102349251,-0.009370373390003855,-0.0019661042141331147,-0.05313347486614448,-0.1747971402497548
-0.33037483473551404,-0.1544379663495322,-0.05246583529831231,-0.005215705386606236,-0.0009155141271881092,-0.0013432530036958407,-0.0013250473458919648,-0.001299379620118756,-0.0014647596481963203,-0.0017273108037698579,-0.0018071024032493953,-0.002128852624840737,-0.0022801374137464032,-0.002998445681058958,-0.0037129023708551445,-0.004639269510178414,-0.0075468236662662265,-0.012408781102349251,0,-0.006331965677650786,0.003982877807231849,-0.0757426691814679,-0.23702812299239254
-0.30022824563398315,-0.13963772243583852,-0.047351356622121143,-0.005058362149887398,-0.0012760268933075375,-0.0016948022884294466,-0.0017294187652737412,-0.0017699109079861311,-0.001986149479362495,-0.0022957622123160985,-0.0024732857736091958,-0.002871576694926052,-0.003170721304126675,-0.003938251178030961,-0.00472782413688437,-0.005689613126890549,-0.007668562013290589,-0.009370373390003855,-0.006331965677650786,0,0.014297721292107952,-0.12545475267897305,-0.34252689164660644
-0.2738271865987449,-0.12665560981689072,-0.04271706012893893,-0.00460836543215554,-0.0012180700036742251,-0.0015772538632028662,-0.0015915816864371392,-0.0016065982260707184,-0.0017644442969414879,-0.0019855040439992894,-0.0020743400180897376,-0.002313183604040354,-0.0024217642798869754,-0.0028101724292570953,-0.00305184490021752,-0.003134377814664953,-0.0032996530216153185,-0.0019661042141331147,0.003982877807231849,0.014297721292107952,0,-0.26520722665006324,-0.5338258089487282
-0.25389809135549846,-0.11884484614874923,-0.04251907506277893,-0.008400981379744533,-0.005808787215272711,-0.006665798527984753,-0.007314403456413726,-0.008090460693426263,-0.009152023392365156,-0.010475624577633603,-0.011964674644982255,-0.013958334783831267,-0.016374229560467392,-0.0197768726278823,-0.024199802030759703,-0.030301027578376508,-0.039466760970912944,-0.05313347486614448,-0.0757426691814679,-0.12545475267897305,-0.26520722665006324,0,-0.8024443912473924
-0.24469710910402726,-0.12108497871139497,-0.052241674639577955,-0.022507650282526562,-0.02167323117776577,-0.024197735007121097,-0.026832614235631824,-0.029951440665420683,-0.033786259000767115,-0.03843995081791172,-0.0440021202964795,-0.05100307802077025,-0.05971512706291561,-0.07110542101733769,-0.08595182130612086,-0.10596574528567501,-0.1341311884824286,-0.1747971402497548,-0.23702812299239254,-0.34252689164660644,-0.5338258089487282,-0.8024443912473924,0
