0,6.67436968980643,5.324620899277994,4.304569145120015,3.2806349247920483,2.62126001000174,2.1846162675684537,1.8732582199848646,1.639238835768227,1.4567577078578593,1.311416662920171,1.1920480201840926,1.0930487069423724,1.008866172368763,0.9368446200439176,0.8745826445723002,0.8198884560964066,0.771817656692511,0.7296282747152799,0.6915600479238257,0.6562671594630287,0.6376452579005065,0.6451361275980921
-6.67436968980643,0,3.9748721087495573,3.1196688727768085,2.1493900031205877,1.607982590050567,1.2866655831208584,1.0730729750146037,0.9199344280484837,0.8045562101142879,0.7155329932661421,0.6438158532218587,0.5856558903183673,0.5367408792489575,0.49549653775449354,0.4603121413412909,0.429589707182405,0.40290815462289103,0.3799376032393299,0.3591817344859033,0.3395249210239023,0.3358090363052103,0.35802976749293325
-5.324620899277994,-3.9748721087495573,0,2.2644656368040597,1.236648950306103,0.8190194171509037,0.6146139517136837,0.49271314826761314,0.41077814793163814,0.351653938880678,0.3081156038307151,0.27369849149655895,0.24673426847524826,0.22418349474890303,0.20554857350490488,0.18996137461757812,0.17635524992760843,0.16477722434777994,0.15525419664494067,0.1464940654115707,0.13756118837247705,0.1442794009134026,0.17718765043010204
-4.304569145120015,-3.1196688727768085,-2.2644656368040597,0,0.20883226380814612,0.0962963073243257,0.06466339001689174,0.04977502613350149,0.040040650157153836,0.03285198922678104,0.028637027691665904,0.024852598333121367,0.022541894216491443,0.020155280543387378,0.018374295023163546,0.01708601943537132,0.015731374014035255,0.014799480600902828,0.014640100634332735,0.014120842199540129,0.012449161994148654,0.026491276697254977,0.06733091430515689
-3.2806349247920483,-2.1493900031205877,-1.236648950306103,-0.20883226380814612,0,-0.016239649159494718,-0.00742104687873546,-0.003244053091380058,-0.002157253255594238,-0.00234406568949197,-0.0013955116610807987,-0.0014302110204535978,-0.0007444019824653925,-0.0008088287082524835,-0.0006715018553347107,-0.00034545732579002476,-0.00036036680214065103,-0.00012611810734665705,0.000769231836203207,0.001140080758966396,0.0001752181307738132,0.015765336278967264,0.05946972822165749
-2.62126001000174,-1.607982590050567,-0.8190194171509037,-0.0962963073243257,0.016239649159494718,0,0.001397555402023798,0.0032537449426772724,0.0025368787123725887,0.0011298301780087172,0.0015733158386019852,0.0010380286693865888,0.0014692047571102254,0.0011200238481527958,0.0010582922895719566,0.0012439618575804446,0.0010832043212551732,0.0012166761469990146,0.0020776072974107397,0.0023814900388564758,0.0012695426167917154,0.017765647868871137,0.06392322100878409
-2.1846162675684537,-1.2866655831208584,-0.6146139517136837,-0.06466339001689174,0.00742104687873546,-0.001397555402023798,0,0.005109934483330747,0.003106540367546984,0.001040588436670357,0.001617255947746532,0.000966123322859147,0.0014811463162912968,0.0010803764833140811,0.0010158844005154766,0.0012268959081978498,0.0010517692131783106,0.001200232578360398,0.0021342782886929848,0.0024571773186128354,0.0012603988464179952,0.018856854033327628,0.0678310751092066
-1.8732582199848646,-1.0730729750146037,-0.49271314826761314,-0.04977502613350149,0.003244053091380058,-0.0032537449426772724,-0.005109934483330747,0,0.0011031462517632207,-0.000994084586659838,0.0004530297692184604,-6.982946725875294e-05,0.0007553886828834067,0.00040878348331130354,0.00043102010297043795,0.0007415160863062376,0.0006008619609391511,0.0008092623878633631,0.0018637640891804612,0.0022361142215530094,0.0009642807205016296,0.019838776858327405,0.07201248448426499
-1.639238835768227,-0.9199344280484837,-0.41077814793163814,-0.040040650157153836,0.002157253255594238,-0.0025368787123725887,-0.003106540367546984,-0.0011031462517632207,0,-0.0030913154250828967,0.00012797152794608024,-0.00046082137359941083,0.0006684492906634532,0.0002699109296209201,0.0003189990781716408,0.0006898546340980971,0.0005380764245861425,0.0007766086252078234,0.0019398258729221851,0.0023391113097157175,0.000952708592896497,0.021279979212678494,0.07707743721515799
-1.4567577078578593,-0.8045562101142879,-0.351653938880678,-0.03285198922678104,0.00234406568949197,-0.0011298301780087172,-0.001040588436670357,0.000994084586659838,0.0030913154250828967,0,0.003347258480975057,0.0008544256521423321,0.0019217041959122365,0.0011102175182968743,0.0010010619788225483,0.001320049643961596,0.0010565609745388624,0.0012600991314941634,0.0024988415727005275,0.002882153983195579,0.0013203471399855329,0.023310920432491944,0.08324426434133035
-1.311416662920171,-0.7155329932661421,-0.3081156038307151,-0.028637027691665904,0.0013955116610807987,-0.0015733158386019852,-0.001617255947746532,-0.0004530297692184604,-0.00012797152794608024,-0.003347258480975057,0,-0.001638407176690393,0.001208927053380826,0.0003645371974041467,0.0004145128532844211,0.0009146078765589038,0.0006747780567994965,0.00096193351013975,0.0023927894591662113,0.0028304757056645258,0.0011176560058865804,0.025125798791720753,0.08990234816302663
-1.1920480201840926,-0.6438158532218587,-0.27369849149655895,-0.024852598333121367,0.0014302110204535978,-0.0010380286693865888,-0.000966123322859147,6.982946725875294e-05,0.00046082137359941083,-0.0008544256521423321,0.001638407176690393,0,0.004056261283452045,0.0013660093844514165,0.0010988195299426924,0.001552861639871228,0.0011374151034974744,0.0013953236246114404,0.002968674692860012,0.0033890860659588906,0.001423885248395133,0.027802219388561866,0.09822423501209182
-1.0930487069423724,-0.5856558903183673,-0.24673426847524826,-0.022541894216491443,0.0007444019824653925,-0.0014692047571102254,-0.0014811463162912968,-0.0007553886828834067,-0.0006684492906634532,-0.0019217041959122365,-0.001208927053380826,-0.004056261283452045,0,-0.001324242514549212,-0.00037990134681198384,0.0007183950920109557,0.0004077035585088318,0.0008631360928433196,0.002787410261094673,0.003293775320602726,0.0010948382440130189,0.03044065917801851,0.10764103238495579
-1.008866172368763,-0.5367408792489575,-0.22418349474890303,-0.020155280543387378,0.0008088287082524835,-0.0011200238481527958,-0.0010803764833140811,-0.00040878348331130354,-0.0002699109296209201,-0.0011102175182968743,-0.0003645371974041467,-0.0013660093844514165,0.001324242514549212,0,0.0005644398209252444,0.0017397138952910396,0.0009850189161948464,0.0014099807446914525,0.00360974081622345,0.004063444959794715,0.001440421209521909,0.03441127188958948,0.11974828515156746
-0.9368446200439176,-0.49549653775449354,-0.20554857350490488,-0.018374295023163546,0.0006715018553347107,-0.0010582922895719566,-0.0010158844005154766,-0.00043102010297043795,-0.0003189990781716408,-0.0010010619788225483,-0.0004145128532844211,-0.0010988195299426924,0.00037990134681198384,-0.0005644398209252444,0,0.002914987969656835,0.0011953084638296474,0.0016918277192801885,0.0043710660650480015,0.0047632459875686095,0.001586418107621353,0.03924653361368437,0.13464626581789774
-0.8745826445723002,-0.4603121413412909,-0.18996137461757812,-0.01708601943537132,0.00034545732579002476,-0.0012439618575804446,-0.0012268959081978498,-0.0007415160863062376,-0.0006898546340980971,-0.001320049643961596,-0.0009146078765589038,-0.001552861639871228,-0.0007183950920109557,-0.0017397138952910396,-0.002914987969656835,0,-0.00052437104199754,0.0010802475940918654,0.0048564254301783905,0.005225310492046553,0.0013207041352142567,0.04530179122102229,0.15346501979621788
-0.8198884560964066,-0.429589707182405,-0.17635524992760843,-0.015731374014035255,0.00036036680214065103,-0.0010832043212551732,-0.0010517692131783106,-0.0006008619609391511,-0.0005380764245861425,-0.0010565609745388624,-0.0006747780567994965,-0.0011374151034974744,-0.0004077035585088318,-0.0009850189161948464,-0.0011953084638296474,0.00052437104199754,0,0.002684866230181271,0.007546823666266356,0.007141871003394584,0.001781972929517206,0.054467023673626255,0.17912991826925376
-0.771817656692511,-0.40290815462289103,-0.16477722434777994,-0.014799480600902828,0.00012611810734665705,-0.0012166761469990146,-0.001200232578360398,-0.0008092623878633631,-0.0007766086252078234,-0.0012600991314941634,-0.00096193351013975,-0.0013953236246114404,-0.0008631360928433196,-0.0014099807446914525,-0.0016918277192801885,-0.0010802475940918654,-0.002684866230181271,0,0.01240878110235144,0.009370373390001241,0.0014810084959625176,0.0674125630344875,0.21441892867706827
-0.7296282747152799,-0.3799376032393299,-0.15525419664494067,-0.014640100634332735,-0.000769231836203207,-0.0020776072974107397,-0.0021342782886929848,-0.0018637640891804612,-0.0019398258729221851,-0.0024988415727005275,-0.0023927894591662113,-0.002968674692860012,-0.002787410261094673,-0.00360974081622345,-0.0043710660650480015,-0.0048564254301783905,-0.007546823666266356,-0.01240878110235144,0,0.006331965677651041,-0.003982877807231944,0.08574715701186619,0.26492146557074747
-0.6915600479238257,-0.3591817344859033,-0.1464940654115707,-0.014120842199540129,-0.001140080758966396,-0.0023814900388564758,-0.0024571773186128354,-0.0022361142215530094,-0.0023391113097157175,-0.002882153983195579,-0.0028304757056645258,-0.0033890860659588906,-0.003293775320602726,-0.004063444959794715,-0.0047632459875686095,-0.005225310492046553,-0.007141871003394584,-0.009370373390001241,-0.006331965677651041,0,-0.014297721292114929,0.12545475267897377,0.35111796553511293
-0.6562671594630287,-0.3395249210239023,-0.13756118837247705,-0.012449161994148654,-0.0001752181307738132,-0.0012695426167917154,-0.0012603988464179952,-0.0009642807205016296,-0.000952708592896497,-0.0013203471399855329,-0.0011176560058865804,-0.001423885248395133,-0.0010948382440130189,-0.001440421209521909,-0.001586418107621353,-0.0013207041352142567,-0.001781972929517206,-0.0014810084959625176,0.003982877807231944,0.014297721292114929,0,0.26520722665006247,0.5338258089487269
-0.6376452579005065,-0.3358090363052103,-0.1442794009134026,-0.026491276697254977,-0.015765336278967264,-0.017765647868871137,-0.018856854033327628,-0.019838776858327405,-0.021279979212678494,-0.023310920432491944,-0.025125798791720753,-0.027802219388561866,-0.03044065917801851,-0.03441127188958948,-0.03924653361368437,-0.04530179122102229,-0.054467023673626255,-0.0674125630344875,-0.08574715701186619,-0.12545475267897377,-0.26520722665006247,0,0.8024443912473913
-0.6451361275980921,-0.35802976749293325,-0.17718765043010204,-0.06733091430515689,-0.05946972822165749,-0.06392322100878409,-0.0678310751092066,-0.07201248448426499,-0.07707743721515799,-0.08324426434133035,-0.08990234816302663,-0.09822423501209182,-0.10764103238495579,-0.11974828515156746,-0.13464626581789774,-0.15346501979621788,-0.17912991826925376,-0.21441892867706827,-0.26492146557074747,-0.35111796553511293,-0.5338258089487269,-0.8024443912473913,0
