0,6.67436672628299,5.363971905619607,4.317223335500165,3.28178970554889,2.618076060072635,2.1843401827566216,1.8733693614928586,1.6392309300971537,1.4570513294845142,1.3113183074248116,1.192202562549423,1.0931586520697556,1.008919482245561,0.9370887532014288,0.8743604908816713,0.8193098872575986,0.7710483308579705,0.7283764200812644,0.6907734033774425,0.6540214965063618,0.6198438559146572,0.6261775137896325
-6.67436672628299,0,4.053577084956224,3.138651640108752,2.150930698637523,1.6040033935200464,1.286334874051348,1.0732031340278365,0.9199258163563199,0.8048869048847047,0.7154240386627918,0.6439861461760662,0.5857760998685525,0.5367988785757752,0.4957596783490011,0.4600743312101486,0.4289727646559058,0.4020909311439068,0.37861228442233924,0.3583515521049121,0.33716122125496034,0.3171177123962405,0.3381685036709011
-5.363971905619607,-4.053577084956224,0,2.22372619526128,1.1996075054781725,0.7874788297079872,0.594524321325129,0.4771283438421591,0.3976506049230026,0.34078830773163055,0.29815490787611276,0.2651427085338265,0.23899600135978538,0.21709176890482532,0.19927489446506583,0.1836510424604505,0.17007245606302593,0.15865852088975232,0.14892698438897145,0.14098534429012902,0.1306936732715568,0.12046195594571504,0.152398074606635
-4.317223335500165,-3.138651640108752,-2.22372619526128,0,0.17548881569506491,0.0693551469313407,0.05145703001307863,0.04047888098737884,0.03243548685534705,0.026965326476688922,0.023073295392517425,0.020319772692894755,0.018470424259619297,0.016428326269179828,0.015233867119955426,0.013644779727048029,0.012099091509314054,0.011153687006071777,0.010607036997484205,0.01081404110443207,0.007574113154514225,0.003613942650405871,0.043380805098495775
-3.28178970554889,-2.150930698637523,-1.1996075054781725,-0.17548881569506491,0,-0.036778521832383504,-0.010558862827914517,-0.004524430581849852,-0.003327845354582415,-0.0027393713669862764,-0.0023292913245738234,-0.0018472334502724103,-0.001156874669811403,-0.0012450614448074049,-0.0007916277375555226,-0.0010683144518625974,-0.0015167188394985172,-0.001487476739235387,-0.001170232909485845,-0.00016427720161011906,-0.002920555754270193,-0.006496343999279956,0.036041471176464154
-2.618076060072635,-1.6040033935200464,-0.7874788297079872,-0.0693551469313407,0.036778521832383504,0,0.01566079617655447,0.011602615043416975,0.007822380138017948,0.005770416249363031,0.004560554776988112,0.0039746479467461055,0.003931932067698897,0.0031966211036396075,0.003206916050758698,0.0025027062861894935,0.001688899614400118,0.0014534436851936228,0.0015688662384293595,0.0024510259863022655,-0.0006633580157293058,-0.004603707884710984,0.04032500017698461
-2.1843401827566216,-1.286334874051348,-0.594524321325129,-0.05145703001307863,0.010558862827914517,-0.01566079617655447,0,0.00754443391027948,0.003903172118749687,0.0024736229402992174,0.0017854944270965234,0.0016374183007844324,0.001977121382889635,0.00141602466465177,0.001650181035034226,0.0010406962983711627,0.0002917099581846827,0.00016186618597900028,0.0003945387435856003,0.0014348898178213267,-0.0018293690294638612,-0.00595467482212868,0.04186651292701149
-1.8733693614928586,-1.0732031340278365,-0.4771283438421591,-0.04047888098737884,0.004524430581849852,-0.011602615043416975,-0.00754443391027948,0,0.00026191032721989416,-6.178254469091371e-05,-0.00013415206729779547,0.00016066439841067037,0.000863658877411666,0.0003946231237138183,0.0008081449099991898,0.00022772909688262288,-0.0005141482587147392,-0.0005763905864510476,-0.0002554517261138433,0.000925761143449814,-0.002550430794059503,-0.006918896874443549,0.044154651528126955
-1.6392309300971537,-0.9199258163563199,-0.3976506049230026,-0.03243548685534705,0.003327845354582415,-0.007822380138017948,-0.003903172118749687,-0.00026191032721989416,0,-0.0003854754166017216,-0.00033218326455664027,0.00012691575547426245,0.001014096014959609,0.00042116568301260316,0.0008991840071290724,0.0002228460639772984,-0.0006111555819565684,-0.0006695351324144857,-0.000307187931447217,0.000986111217652534,-0.002784792554166119,-0.007471266659186891,0.04728984732819175
-1.4570513294845142,-0.8048869048847047,-0.34078830773163055,-0.026965326476688922,0.0027393713669862764,-0.005770416249363031,-0.0024736229402992174,6.178254469091371e-05,0.0003854754166017216,0,-0.00027889111251155896,0.00038311134151225446,0.0014806198254800524,0.0006228259579161843,0.0011561158918752313,0.0003242329774071351,-0.0006433956055786894,-0.0007050425968910812,-0.00029848932198560537,0.0011232698810779596,-0.003002912293944701,-0.008061749262735654,0.05095717984702201
-1.3113183074248116,-0.7154240386627918,-0.29815490787611276,-0.023073295392517425,0.0023292913245738234,-0.004560554776988112,-0.0017854944270965234,0.00013415206729779547,0.00033218326455664027,0.00027889111251155896,0,0.0010451137955360679,0.0023603752944758583,0.0009233983147254321,0.0015148676429719288,0.0004448577953908739,-0.000704146354423211,-0.00076592138037387,-0.0003009390981698612,0.0012790655470323504,-0.0032753144120880153,-0.008769281821846936,0.05522685242698314
-1.192202562549423,-0.6439861461760662,-0.2651427085338265,-0.020319772692894755,0.0018472334502724103,-0.0039746479467461055,-0.0016374183007844324,-0.00016066439841067037,-0.00012691575547426245,-0.00038311134151225446,-0.0010451137955360679,0,0.0036756367934156486,0.0008625405743201142,0.0016714522587838825,0.0002947937953545754,-0.0010539983844150668,-0.0010677605763588598,-0.0004932323686992797,0.0013083095159693858,-0.003755361990712913,-0.009750721383585237,0.06015246502984197
-1.0931586520697556,-0.5857760998685525,-0.23899600135978538,-0.018470424259619297,0.001156874669811403,-0.003931932067698897,-0.001977121382889635,-0.000863658877411666,-0.001014096014959609,-0.0014806198254800524,-0.0023603752944758583,-0.0036756367934156486,0,-0.0019505556447754202,0.0006693599914679993,-0.0008321538706657824,-0.0022364071788727458,-0.0020164400503137614,-0.0011880438957184343,0.000970119904905634,-0.0046842368387289834,-0.011242538958807557,0.0658001478534846
-1.008919482245561,-0.5367988785757752,-0.21709176890482532,-0.016428326269179828,0.0012450614448074049,-0.0031966211036396075,-0.00141602466465177,-0.0003946231237138183,-0.00042116568301260316,-0.0006228259579161843,-0.0009233983147254321,-0.0008625405743201142,0.0019505556447754202,0,0.003289275627711419,-0.00027295298361096343,-0.0023316910235718544,-0.0020329111516983467,-0.001035541545907037,0.0014568991631858097,-0.005074762723579492,-0.012404036873061575,0.07332800379773571
-0.9370887532014288,-0.4957596783490011,-0.19927489446506583,-0.015233867119955426,0.0007916277375555226,-0.003206916050758698,-0.001650181035034226,-0.0008081449099991898,-0.0008991840071290724,-0.0011561158918752313,-0.0015148676429719288,-0.0016714522587838825,-0.0006693599914679993,-0.003289275627711419,0,-0.0038351815949333457,-0.005142174349213491,-0.003806973411501602,-0.002116745839311651,0.0010904238702806879,-0.006468769115461311,-0.014645938658886288,0.08208284481898875
-0.8743604908816713,-0.4600743312101486,-0.1836510424604505,-0.013644779727048029,0.0010683144518625974,-0.0025027062861894935,-0.0010406962983711627,-0.00022772909688262288,-0.0002228460639772984,-0.0003242329774071351,-0.0004448577953908739,-0.0002947937953545754,0.0008321538706657824,0.00027295298361096343,0.0038351815949333457,0,-0.006449167103493636,-0.00379286931978573,-0.0015439339207710863,0.0023218252365841963,-0.006995486619566904,-0.016447731502878444,0.0943568485924062
-0.8193098872575986,-0.4289727646559058,-0.17007245606302593,-0.012099091509314054,0.0015167188394985172,-0.001688899614400118,-0.0002917099581846827,0.0005141482587147392,0.0006111555819565684,0.0006433956055786894,0.000704146354423211,0.0010539983844150668,0.0022364071788727458,0.0023316910235718544,0.005142174349213491,0.006449167103493636,0,-0.001136571536077824,0.0009086826705901885,0.005245489349943473,-0.007132066498585221,-0.018447444382755408,0.1111578512083895
-0.7710483308579705,-0.4020909311439068,-0.15865852088975232,-0.011153687006071777,0.001487476739235387,-0.0014534436851936228,-0.00016186618597900028,0.0005763905864510476,0.0006695351324144857,0.0007050425968910812,0.00076592138037387,0.0010677605763588598,0.0020164400503137614,0.0020329111516983467,0.003806973411501602,0.00379286931978573,0.001136571536077824,0,0.002953936877258201,0.008436519792954122,-0.00913056481942102,-0.022775162594424803,0.13361673575728297
-0.7283764200812644,-0.37861228442233924,-0.14892698438897145,-0.010607036997484205,0.001170232909485845,-0.0015688662384293595,-0.0003945387435856003,0.0002554517261138433,0.000307187931447217,0.00029848932198560537,0.0003009390981698612,0.0004932323686992797,0.0011880438957184343,0.001035541545907037,0.002116745839311651,0.0015439339207710863,-0.0009086826705901885,-0.002953936877258201,0,0.013919102708650044,-0.01517281566776063,-0.031351529084985806,0.16628243547728916
-0.6907734033774425,-0.3583515521049121,-0.14098534429012902,-0.01081404110443207,0.00016427720161011906,-0.0024510259863022655,-0.0014348898178213267,-0.000925761143449814,-0.000986111217652534,-0.0011232698810779596,-0.0012790655470323504,-0.0013083095159693858,-0.000970119904905634,-0.0014568991631858097,-0.0010904238702806879,-0.0023218252365841963,-0.005245489349943473,-0.008436519792954122,-0.013919102708650044,0,-0.044264734044171306,-0.05398684498180373,0.21707021306683552
-0.6540214965063618,-0.33716122125496034,-0.1306936732715568,-0.007574113154514225,0.002920555754270193,0.0006633580157293058,0.0018293690294638612,0.002550430794059503,0.002784792554166119,0.003002912293944701,0.0032753144120880153,0.003755361990712913,0.0046842368387289834,0.005074762723579492,0.006468769115461311,0.006995486619566904,0.007132066498585221,0.00913056481942102,0.01517281566776063,0.044264734044171306,0,-0.06370895591943615,0.34773768662233895
-0.6198438559146572,-0.3171177123962405,-0.12046195594571504,-0.003613942650405871,0.006496343999279956,0.004603707884710984,0.00595467482212868,0.006918896874443549,0.007471266659186891,0.008061749262735654,0.008769281821846936,0.009750721383585237,0.011242538958807557,0.012404036873061575,0.014645938658886288,0.016447731502878444,0.018447444382755408,0.022775162594424803,0.031351529084985806,0.05398684498180373,0.06370895591943615,0,0.759184329164114
-0.6261775137896325,-0.3381685036709011,-0.152398074606635,-0.043380805098495775,-0.036041471176464154,-0.04032500017698461,-0.04186651292701149,-0.044154651528126955,-0.04728984732819175,-0.05095717984702201,-0.05522685242698314,-0.06015246502984197,-0.0658001478534846,-0.07332800379773571,-0.08208284481898875,-0.0943568485924062,-0.1111578512083895,-0.13361673575728297,-0.16628243547728916,-0.21707021306683552,-0.34773768662233895,-0.759184329164114,0
