0,6.665074187340201,5.309254195467618,4.313824246663758,3.2767457482884423,2.6229723275486108,2.184586101010448,1.872763990513736,1.6386005825205825,1.4566813441045203,1.311459394791833,1.1923815864361846,1.0932738805217042,1.0089741901970664,0.9372577525408383,0.8742281622360484,0.8196633714028522,0.770998746736008,0.7295898980440243,0.6885329541132595,0.659055841443725,0.62078595229498,0.5935744402965356
-6.665074187340201,0,3.9534342035950356,3.138199276325537,2.1473029352711897,1.6124468626007133,1.2884884837444972,1.074045624375992,0.9205329246892084,0.8056322387000603,0.7166133067309032,0.6451123263457831,0.5867465799018408,0.5376325237684717,0.49665648832550274,0.4605963033000374,0.42996931700702895,0.402619031698246,0.3804437633795434,0.35650288560065174,0.3429496127123315,0.31857154054271897,0.3044554047230278
-5.309254195467618,-3.9534342035950356,0,2.322964349056038,1.2442373011092664,0.8321177489359393,0.6222520537818625,0.4981679085321833,0.4150493782049039,0.35594624371506384,0.31201069462288666,0.27752100665142165,0.25007781753252123,0.2271050983296932,0.20859167871970832,0.19191646481580682,0.17829325367931417,0.16589802023846,0.1571318608660751,0.14491869042451153,0.14236713544107016,0.12726297932943914,0.1220064647794274
-4.313824246663758,-3.138199276325537,-2.322964349056038,0,0.1655102531624948,0.08669444887588984,0.05534795535713736,0.04196879840121959,0.033466384034677076,0.028109892824901433,0.02473160113243646,0.02184058885084461,0.019757091807686047,0.017519173257058717,0.016375981416405627,0.01432914112912087,0.013318554034950782,0.01182185389434728,0.01274302832007758,0.00879083676004111,0.014096711110777913,0.005279569900183646,0.006166576133289999
-3.2767457482884423,-2.1473029352711897,-1.2442373011092664,-0.1655102531624948,0,0.007878644589284889,0.0002668064544586457,0.0007883134807945188,0.00045541675272264825,0.0006298207573827597,0.0012684924607600696,0.0013163510920374424,0.0015379466383349527,0.0010757199342324873,0.0014625542417967096,0.000585403671541423,0.0006359124409887803,-3.3066474099012584e-07,0.0018310836884763506,-0.0016571243334558025,0.004633364732545608,-0.004145764409364068,-0.00268585036833249
-2.6229723275486108,-1.6124468626007133,-0.8321177489359393,-0.08669444887588984,-0.007878644589284889,0,-0.0073450316803675975,-0.0027568520734506663,-0.002018992526131432,-0.0011823852005927726,-5.3537964944894156e-05,0.0002226355091628681,0.0006321326453421047,0.00022535435235093715,0.000749655314298023,-0.00014392042023292362,-2.251775431086597e-05,-0.0006569119359098133,0.001365886696106463,-0.0023382506850801376,0.004417012742096323,-0.004897289971779628,-0.0033072912481923356
-2.184586101010448,-1.2884884837444972,-0.6222520537818625,-0.05534795535713736,-0.0002668064544586457,0.0073450316803675975,0,0.0018313275334662649,0.0006440270509866508,0.0008718302926655023,0.0017693354639107817,0.0017361689470689612,0.0019616600329603884,0.0013068380713107278,0.0017614911886312257,0.0006562030531153735,0.0007097336382948071,-4.8901050050014824e-05,0.0020917965608126345,-0.0019531136854426406,0.005257158772272318,-0.004734107191207097,-0.003054932471181382
-1.872763990513736,-1.074045624375992,-0.4981679085321833,-0.04196879840121959,-0.0007883134807945188,0.0027568520734506663,-0.0018313275334662649,0,-0.0005432734314929633,0.00039208167226512103,0.0017486714407256205,0.0017123793004696353,0.001987726532859213,0.0012194231609514716,0.0017515145679405058,0.000509312493071512,0.0005851120943868674,-0.0002369239084016428,0.0021154755632986685,-0.0022684837870183827,0.005520684252180475,-0.005203066814398051,-0.0033806831381578916
-1.6386005825205825,-0.9205329246892084,-0.4150493782049039,-0.033466384034677076,-0.00045541675272264825,0.002018992526131432,-0.0006440270509866508,0.0005432734314929633,0,0.0013274367760232053,0.0028946438768349125,0.002464263544457168,0.002620476523947257,0.0015719624794403586,0.0021339792345127506,0.0006596819108664371,0.0007261602851218463,-0.0002028850725026072,0.0023813504627778316,-0.002425321092066148,0.006026014059153262,-0.005561512459236904,-0.0035833552600625295
-1.4566813441045203,-0.8056322387000603,-0.35594624371506384,-0.028109892824901433,-0.0006298207573827597,0.0011823852005927726,-0.0008718302926655023,-0.00039208167226512103,-0.0013274367760232053,0,0.00446185097764662,0.0030326769286741495,0.0030514897732552746,0.001633093905294647,0.0022952877262106598,0.0005483894333403091,0.0006402636435645093,-0.00039417530356833375,0.0024984519835283456,-0.0028005968788750836,0.006453157448528721,-0.006135591562175247,-0.003961108493607586
-1.311459394791833,-0.7166133067309032,-0.31201069462288666,-0.02473160113243646,-0.0012684924607600696,5.3537964944894156e-05,-0.0017693354639107817,-0.0017486714407256205,-0.0028946438768349125,-0.00446185097764662,0,0.0016035028797016793,0.002346309171059602,0.0006901748811773226,0.0017536469133516697,-0.00023430287552095308,3.3324212174908516e-06,-0.0010878933437418986,0.002253027109263561,-0.003607535529599717,0.006652288095616932,-0.0070989954294317795,-0.0046630217828787695
-1.1923815864361846,-0.6451123263457831,-0.27752100665142165,-0.02184058885084461,-0.0013163510920374424,-0.0002226355091628681,-0.0017361689470689612,-0.0017123793004696353,-0.002464263544457168,-0.0030326769286741495,-0.0016035028797016793,0,0.0030891154624175243,0.00023351088191514435,0.0018036949245683331,-0.0006937543143266112,-0.0003167016704793468,-0.001536459380982495,0.0023458162849152586,-0.004258915330762392,0.007213264230718626,-0.007969245260345125,-0.005232705843113356
-1.0932738805217042,-0.5867465799018408,-0.25007781753252123,-0.019757091807686047,-0.0015379466383349527,-0.0006321326453421047,-0.0019616600329603884,-0.001987726532859213,-0.002620476523947257,-0.0030514897732552746,-0.002346309171059602,-0.0030891154624175243,0,-0.0026220936985872356,0.0011609846556437375,-0.001954710906574656,-0.0011681559537035646,-0.002461574349662499,0.002221933088664881,-0.005308634015502379,0.007728782826756264,-0.009197952007318754,-0.006064887973666444
-1.0089741901970664,-0.5376325237684717,-0.2271050983296932,-0.017519173257058717,-0.0010757199342324873,-0.00022535435235093715,-0.0013068380713107278,-0.0012194231609514716,-0.0015719624794403586,-0.001633093905294647,-0.0006901748811773226,-0.00023351088191514435,0.0026220936985872356,0,0.004944063009874711,-0.0016210195105683667,-0.000683510038742341,-0.0024214445124313144,0.0031907384461153042,-0.005756390734988237,0.009207479473233906,-0.010019934295910193,-0.0064474206708974675
-0.9372577525408383,-0.49665648832550274,-0.20859167871970832,-0.016375981416405627,-0.0014625542417967096,-0.000749655314298023,-0.0017614911886312257,-0.0017515145679405058,-0.0021339792345127506,-0.0022952877262106598,-0.0017536469133516697,-0.0018036949245683331,-0.0011609846556437375,-0.004944063009874711,0,-0.008186102031011444,-0.0034972965630508668,-0.0048766136865333225,0.0027524073051754527,-0.007896481483960827,0.009918048883793773,-0.012157648196736608,-0.00787135613099399
-0.8742281622360484,-0.4605963033000374,-0.19191646481580682,-0.01432914112912087,-0.000585403671541423,0.00014392042023292362,-0.0006562030531153735,-0.000509312493071512,-0.0006596819108664371,-0.0005483894333403091,0.00023430287552095308,0.0006937543143266112,0.001954710906574656,0.0016210195105683667,0.008186102031011444,0,0.0011915089049097105,-0.003221869514294262,0.006398577083904418,-0.007824076347198172,0.013538879066754817,-0.012819572557690803,-0.007826392430991496
-0.8196633714028522,-0.42996931700702895,-0.17829325367931417,-0.013318554034950782,-0.0006359124409887803,2.251775431086597e-05,-0.0007097336382948071,-0.0005851120943868674,-0.0007261602851218463,-0.0006402636435645093,-3.3324212174908516e-06,0.0003167016704793468,0.0011681559537035646,0.000683510038742341,0.0034972965630508668,-0.0011915089049097105,0,-0.007635247933498235,0.009002111173401772,-0.010829271431234133,0.016625721607216093,-0.015621788850210904,-0.00932937598697503
-0.770998746736008,-0.402619031698246,-0.16589802023846,-0.01182185389434728,3.3066474099012584e-07,0.0006569119359098133,4.8901050050014824e-05,0.0002369239084016428,0.0002028850725026072,0.00039417530356833375,0.0010878933437418986,0.001536459380982495,0.002461574349662499,0.0024214445124313144,0.0048766136865333225,0.003221869514294262,0.007635247933498235,0,0.02563947028030178,-0.012426283180102082,0.024712711454120868,-0.017618424079389072,-0.00966820159767039
-0.7295898980440243,-0.3804437633795434,-0.1571318608660751,-0.01274302832007758,-0.0018310836884763506,-0.001365886696106463,-0.0020917965608126345,-0.0021154755632986685,-0.0023813504627778316,-0.0024984519835283456,-0.002253027109263561,-0.0023458162849152586,-0.002221933088664881,-0.0031907384461153042,-0.0027524073051754527,-0.006398577083904418,-0.009002111173401772,-0.02563947028030178,0,-0.050492036640505944,0.024249332041030414,-0.03203772219928602,-0.01849511956716343
-0.6885329541132595,-0.35650288560065174,-0.14491869042451153,-0.00879083676004111,0.0016571243334558025,0.0023382506850801376,0.0019531136854426406,0.0022684837870183827,0.002425321092066148,0.0028005968788750836,0.003607535529599717,0.004258915330762392,0.005308634015502379,0.005756390734988237,0.007896481483960827,0.007824076347198172,0.010829271431234133,0.012426283180102082,0.050492036640505944,0,0.09899070072256677,-0.022810564978676062,-0.007829480542715928
-0.659055841443725,-0.3429496127123315,-0.14236713544107016,-0.014096711110777913,-0.004633364732545608,-0.004417012742096323,-0.005257158772272318,-0.005520684252180475,-0.006026014059153262,-0.006453157448528721,-0.006652288095616932,-0.007213264230718626,-0.007728782826756264,-0.009207479473233906,-0.009918048883793773,-0.013538879066754817,-0.016625721607216093,-0.024712711454120868,-0.024249332041030414,-0.09899070072256677,0,-0.1446118306799189,-0.06123957117535728
-0.62078595229498,-0.31857154054271897,-0.12726297932943914,-0.005279569900183646,0.004145764409364068,0.004897289971779628,0.004734107191207097,0.005203066814398051,0.005561512459236904,0.006135591562175247,0.0070989954294317795,0.007969245260345125,0.009197952007318754,0.010019934295910193,0.012157648196736608,0.012819572557690803,0.015621788850210904,0.017618424079389072,0.03203772219928602,0.022810564978676062,0.1446118306799189,0,0.022132688329204342
-0.5935744402965356,-0.3044554047230278,-0.1220064647794274,-0.006166576133289999,0.00268585036833249,0.0033072912481923356,0.003054932471181382,0.0033806831381578916,0.0035833552600625295,0.003961108493607586,0.0046630217828787695,0.005232705843113356,0.006064887973666444,0.0064474206708974675,0.00787135613099399,0.007826392430991496,0.00932937598697503,0.00966820159767039,0.01849511956716343,0.007829480542715928,0.06123957117535728,-0.022132688329204342,0
