0,6.65293832069676,5.347819374216432,4.304257312881129,3.2814125229176927,2.6212519454202026,2.184309694694193,1.8723900187778324,1.6391167985536472,1.4570777101170602,1.3113028371441617,1.1924116425092828,1.0929745206058052,1.0090226128615998,0.9369988359570872,0.8744923753031711,0.8200807406950896,0.7717122333284628,0.7287743561518807,0.6932076815040644,0.6500875661813479,0.6218440167428814,0.6558436762941271
-6.65293832069676,0,4.042700427736105,3.1299168089733134,2.1575705903246702,1.613330351601063,1.29058396949368,1.0756319684580113,0.9228565811046312,0.8075951337945978,0.7177877834160953,0.6463589746905349,0.587523266052082,0.5386963038753365,0.49731118328480467,0.4617462363464862,0.4312235686949783,0.4041356028679443,0.3802941229433584,0.362111534882248,0.33414805278579984,0.3202893015451874,0.3702677408463827
-5.347819374216432,-4.042700427736105,0,2.2171331902105216,1.215005671618953,0.8035403262227158,0.6025548549330737,0.48221827660239247,0.4028826066660522,0.34543723466009674,0.302173702876094,0.2689877021299161,0.24200554988367973,0.22015047443344846,0.20186207958052962,0.18628822162420783,0.17326093590632638,0.16156461454340026,0.15139372889381175,0.14560630589084464,0.12811736528856066,0.12437292648250757,0.18664610650189656
-4.304257312881129,-3.1299168089733134,-2.2171331902105216,0,0.21287815302738444,0.0967438942288128,0.06436207650725774,0.04848954820036022,0.04003248995715829,0.03348790873502594,0.028608061828318654,0.025469516119840385,0.0225469231806973,0.02045220285574114,0.018655614977803093,0.01705114090868169,0.01603999326754213,0.014738287710034445,0.013677764806031096,0.016135875620864826,0.005234081469621794,0.008108467386506786,0.07977836525407418
-3.2814125229176927,-2.1575705903246702,-1.215005671618953,-0.21287815302738444,0,-0.019390364569758844,-0.009895961752805604,-0.006306653408647851,-0.0031789258103982476,-0.002390140123445761,-0.002103620038192311,-0.0013031462955230516,-0.0012444805501385936,-0.0009284582744414473,-0.0007666388271550418,-0.0007513147384731088,-0.00036318671244472966,-0.0005032403913001706,-0.000550834352636999,0.003019723793763518,-0.0077436730027383716,-0.003936808239427194,0.07238393260000138
-2.6212519454202026,-1.613330351601063,-0.8035403262227158,-0.0967438942288128,0.019390364569758844,0,-0.00040155893585236413,0.0002352021719076447,0.002224887109388618,0.00185991598813251,0.0013537288681209959,0.0017113900835162472,0.0013477885955214422,0.0013792800124732274,0.0013026640331342697,0.0011125902446554648,0.0013665567291292807,0.0010706866235713857,0.0008983602794492968,0.004620444391157973,-0.00696722689827034,-0.0029709609687814664,0.0777824206688108
-2.184309694694193,-1.29058396949368,-0.6025548549330737,-0.06436207650725774,0.009895961752805604,0.00040155893585236413,0,0.0008719632796676535,0.003538110132009109,0.0026137409627941346,0.0017925508191143358,0.0021339798873899695,0.0016393465174170767,0.0016336855765197405,0.001515691904257599,0.0012808290424896679,0.0015433682956274453,0.0012045271289735447,0.0010066868807244351,0.005006752339389537,-0.007436203181300195,-0.0031422544376434065,0.08266891939410226
-1.8723900187778324,-1.0756319684580113,-0.48221827660239247,-0.04848954820036022,0.006306653408647851,-0.0002352021719076447,-0.0008719632796676535,0,0.006204256984350565,0.0034846298043573753,0.00209941333226323,0.0024494840393205486,0.0017928231649669613,0.001760639292661755,0.001607653136341877,0.0013319372628424198,0.001617968852956311,0.0012377835139041338,0.0010189344808205062,0.00535131809436636,-0.008075292909066953,-0.0034289842745941967,0.08812204980173123
-1.6391167985536472,-0.9228565811046312,-0.4028826066660522,-0.04003248995715829,0.0031789258103982476,-0.002224887109388618,-0.003538110132009109,-0.006204256984350565,0,0.0007650026243641861,4.6991506219562496e-05,0.0011978930576438767,0.0006899647101210604,0.000871915754323993,0.0008415524950070955,0.0006358915883412562,0.0010446828365320293,0.0006859531282989747,0.0005004022304675004,0.005273778195276887,-0.00926525540018508,-0.0041700028329745625,0.09397332071725842
-1.4570777101170602,-0.8075951337945978,-0.34543723466009674,-0.03348790873502594,0.002390140123445761,-0.00185991598813251,-0.0026137409627941346,-0.0034846298043573753,-0.0007650026243641861,0,-0.0006710196119250611,0.0014143382742837218,0.0006649520720400185,0.0008986440368139448,0.0008568624691356775,0.0006143730823374346,0.001084637152556007,0.0006760719412908234,0.000471002186701202,0.005724655752368158,-0.010177097038780468,-0.004581253287752792,0.10114319133978875
-1.3113028371441617,-0.7177877834160953,-0.302173702876094,-0.028608061828318654,0.002103620038192311,-0.0013537288681209959,-0.0017925508191143358,-0.00209941333226323,-4.6991506219562496e-05,0.0006710196119250611,0,0.0034996961604925048,0.0013329379140225583,0.00142186525306028,0.001238832989400862,0.0008714516211899337,0.0013772466133028516,0.0008685135917502354,0.0006137549115294849,0.006435286348400737,-0.011127704781466009,-0.004936729076464404,0.10962770891909823
-1.1924116425092828,-0.6463589746905349,-0.2689877021299161,-0.025469516119840385,0.0013031462955230516,-0.0017113900835162472,-0.0021339798873899695,-0.0024494840393205486,-0.0011978930576438767,-0.0014143382742837218,-0.0034996961604925048,0,-0.0008338203324473881,0.00038294979934416773,0.0004852119323703145,0.00021439048636429092,0.0009527567038649209,0.0004299831636265239,0.0002014775902490535,0.006802235121889266,-0.012752971552794732,-0.005780371600160095,0.11927571007897148
-1.0929745206058052,-0.587523266052082,-0.24200554988367973,-0.0225469231806973,0.0012444805501385936,-0.0013477885955214422,-0.0016393465174170767,-0.0017928231649669613,-0.0006899647101210604,-0.0006649520720400185,-0.0013329379140225583,0.0008338203324473881,0,0.0015997199311357235,0.0011447280647791658,0.0005637940926348506,0.0013994009629429982,0.0006827438628413063,0.00037402724403179377,0.007893100186794502,-0.01424286545533815,-0.006329988407683729,0.13128666312011336
-1.0090226128615998,-0.5386963038753365,-0.22015047443344846,-0.02045220285574114,0.0009284582744414473,-0.0013792800124732274,-0.0016336855765197405,-0.001760639292661755,-0.000871915754323993,-0.0008986440368139448,-0.00142186525306028,-0.00038294979934416773,-0.0015997199311357235,0,0.000689736198422608,4.5831173384414114e-05,0.0013326279735454232,0.00045349984576770197,0.00012888870661100781,0.008941996896070966,-0.016506091939120133,-0.00732120195003616,0.14569632347444422
-0.9369988359570872,-0.49731118328480467,-0.20186207958052962,-0.018655614977803093,0.0007666388271550418,-0.0013026640331342697,-0.001515691904257599,-0.001607653136341877,-0.0008415524950070955,-0.0008568624691356775,-0.001238832989400862,-0.0004852119323703145,-0.0011447280647791658,-0.000689736198422608,0,-0.0005980738516537798,0.0016540738611068306,0.00037475439488273327,-1.1323166341892232e-05,0.010592449035600637,-0.019372063295377256,-0.00846562168553027,0.16382214688394692
-0.8744923753031711,-0.4617462363464862,-0.18628822162420783,-0.01705114090868169,0.0007513147384731088,-0.0011125902446554648,-0.0012808290424896679,-0.0013319372628424198,-0.0006358915883412562,-0.0006143730823374346,-0.0008714516211899337,-0.00021439048636429092,-0.0005637940926348506,-4.5831173384414114e-05,0.0005980738516537798,0,0.003906221573867441,0.0008611685181509898,0.00018426039542873696,0.013390079757414242,-0.02312686118412195,-0.009776879657843018,0.1873107498461756
-0.8200807406950896,-0.4312235686949783,-0.17326093590632638,-0.01603999326754213,0.00036318671244472966,-0.0013665567291292807,-0.0015433682956274453,-0.001617968852956311,-0.0010446828365320293,-0.001084637152556007,-0.0013772466133028516,-0.0009527567038649209,-0.0013994009629429982,-0.0013326279735454232,-0.0016540738611068306,-0.003906221573867441,0,-0.0021838845375654614,-0.001676720193790615,0.01655136581859651,-0.029885131873619297,-0.01251349990418511,0.2178781712248936
-0.7717122333284628,-0.4041356028679443,-0.16156461454340026,-0.014738287710034445,0.0005032403913001706,-0.0010706866235713857,-0.0012045271289735447,-0.0012377835139041338,-0.0006859531282989747,-0.0006760719412908234,-0.0008685135917502354,-0.0004299831636265239,-0.0006827438628413063,-0.00045349984576770197,-0.00037475439488273327,-0.0008611685181509898,0.0021838845375654614,0,-0.0011695558500157688,0.025918990996677493,-0.03911888098563724,-0.015095903745840022,0.26189058237738544
-0.7287743561518807,-0.3802941229433584,-0.15139372889381175,-0.013677764806031096,0.000550834352636999,-0.0008983602794492968,-0.0010066868807244351,-0.0010189344808205062,-0.0005004022304675004,-0.000471002186701202,-0.0006137549115294849,-0.0002014775902490535,-0.00037402724403179377,-0.00012888870661100781,1.1323166341892232e-05,-0.00018426039542873696,0.001676720193790615,0.0011695558500157688,0,0.053007537843370756,-0.05809354355344798,-0.019738019711114774,0.3276556169342357
-0.6932076815040644,-0.362111534882248,-0.14560630589084464,-0.016135875620864826,-0.003019723793763518,-0.004620444391157973,-0.005006752339389537,-0.00535131809436636,-0.005273778195276887,-0.005724655752368158,-0.006435286348400737,-0.006802235121889266,-0.007893100186794502,-0.008941996896070966,-0.010592449035600637,-0.013390079757414242,-0.01655136581859651,-0.025918990996677493,-0.053007537843370756,0,-0.16919462495026671,-0.05611079848835754,0.4192049766311907
-0.6500875661813479,-0.33414805278579984,-0.12811736528856066,-0.005234081469621794,0.0077436730027383716,0.00696722689827034,0.007436203181300195,0.008075292909066953,0.00926525540018508,0.010177097038780468,0.011127704781466009,0.012752971552794732,0.01424286545533815,0.016506091939120133,0.019372063295377256,0.02312686118412195,0.029885131873619297,0.03911888098563724,0.05809354355344798,0.16919462495026671,0,0.05697302797355164,0.7134047774219194
-0.6218440167428814,-0.3202893015451874,-0.12437292648250757,-0.008108467386506786,0.003936808239427194,0.0029709609687814664,0.0031422544376434065,0.0034289842745941967,0.0041700028329745625,0.004581253287752792,0.004936729076464404,0.005780371600160095,0.006329988407683729,0.00732120195003616,0.00846562168553027,0.009776879657843018,0.01251349990418511,0.015095903745840022,0.019738019711114774,0.05611079848835754,-0.05697302797355164,0,1.3698365268702872
-0.6558436762941271,-0.3702677408463827,-0.18664610650189656,-0.07977836525407418,-0.07238393260000138,-0.0777824206688108,-0.08266891939410226,-0.08812204980173123,-0.09397332071725842,-0.10114319133978875,-0.10962770891909823,-0.11927571007897148,-0.13128666312011336,-0.14569632347444422,-0.16382214688394692,-0.1873107498461756,-0.2178781712248936,-0.26189058237738544,-0.3276556169342357,-0.4192049766311907,-0.7134047774219194,-1.3698365268702872,0
