0,0.4487353053659403,0.44699682484580255,0.4457274327630673,0.4451325841471418,0.44560474377612475,0.44800048297654643
-0.4487353053659403,0,0.4452583443256648,0.4442234964616308,0.44393167707420894,0.4448221033786709,0.44785351849866767
-0.44699682484580255,-0.4452583443256648,0,0.44318864859759677,0.44326834344848104,0.44467668972967295,0.44850231204191837
-0.4457274327630673,-0.4442234964616308,-0.44318864859759677,0,0.4433480382993653,0.44542071029571095,0.45027353319002555
-0.4451325841471418,-0.44393167707420894,-0.44326834344848104,-0.4433480382993653,0,0.4474933822920566,0.45373628063535565
-0.44560474377612475,-0.4448221033786709,-0.44467668972967295,-0.44542071029571095,-0.4474933822920566,0,0.4599791789786547
-0.44800048297654643,-0.44785351849866767,-0.44850231204191837,-0.45027353319002555,-0.45373628063535565,-0.4599791789786547,0
