0,0.44685104286282623,0.4472275144434028,0.4476189274082409,0.4474409175401561,0.4464599607411122,0.4457077723711471
-0.44685104286282623,0,0.4476039860239794,0.44800286968094816,0.44763754243259934,0.4463621902106837,0.4454791182728113
-0.4472275144434028,-0.4476039860239794,0,0.448401753337917,0.44765432063690935,0.44594825827291845,0.44494790133501927
-0.4476189274082409,-0.44800286968094816,-0.448401753337917,0,0.4469068879359017,0.4447215107404192,0.44379661733405334
-0.4474409175401561,-0.44763754243259934,-0.44765432063690935,-0.4469068879359017,0,0.4425361335449367,0.4422414820331292
-0.4464599607411122,-0.4463621902106837,-0.44594825827291845,-0.4447215107404192,-0.4425361335449367,0,0.44194683052132167
-0.4457077723711471,-0.4454791182728113,-0.44494790133501927,-0.44379661733405334,-0.4422414820331292,-0.44194683052132167,0
