0,2.451446883685196,2.4870643226506286,2.4521630408137143,2.1310712363074984,1.8488621783094672,1.4580194883415682
-2.451446883685196,0,2.5226817616160613,2.4525211193779732,2.0242793538482657,1.698216001965535,1.2593340092728427
-2.4870643226506286,-2.5226817616160613,0,2.382360477139885,1.7750781499643682,1.4233940820820263,0.9434970711870381
-2.4521630408137143,-2.4525211193779732,-2.382360477139885,0,1.1677958227888512,0.9439108845530968,0.4638759358694224
-2.1310712363074984,-2.0242793538482657,-1.7750781499643682,-1.1677958227888512,0,0.7200259463173424,0.11191599240970795
-1.8488621783094672,-1.698216001965535,-1.4233940820820263,-0.9439108845530968,-0.7200259463173424,0,-0.4961939614979265
-1.4580194883415682,-1.2593340092728427,-0.9434970711870381,-0.4638759358694224,-0.11191599240970795,0.4961939614979265,0
