0,2.3921181923090074,2.4003032431560194,2.386473923076528,2.3884801191030847,2.0744210951299125,2.010762180542746
-2.3921181923090074,0,2.4084882940030314,2.3836517884602886,2.3872674280344435,1.9949968208351385,1.9344909781894934
-2.4003032431560194,-2.4084882940030314,0,2.358815282917546,2.37665699505015,1.8571663297791743,1.815991649236109
-2.386473923076528,-2.3836517884602886,-2.358815282917546,0,2.3944987071827537,1.6063418532099885,1.6350504380089632
-2.3884801191030847,-2.3872674280344435,-2.37665699505015,-2.3944987071827537,0,0.8181849992372232,1.255326303422068
-2.0744210951299125,-1.9949968208351385,-1.8571663297791743,-1.6063418532099885,-0.8181849992372232,0,1.692467607606913
-2.010762180542746,-1.9344909781894934,-1.815991649236109,-1.6350504380089632,-1.255326303422068,-1.692467607606913,0
