0,2.388026866092973,2.366322265523298,2.352591280370707,2.1024766329912374,1.890890445945318,1.4798852491701726
-2.388026866092973,0,2.344617664953623,2.334873487509574,2.0072932219573256,1.766606340908404,1.2982569257856125
-2.366322265523298,-2.344617664953623,0,2.3251293100655257,1.838631000459177,1.573935899559998,1.03666674099361
-2.352591280370707,-2.334873487509574,-2.3251293100655257,0,1.3521326908528284,1.1983391943072341,0.6071792179696379
-2.1024766329912374,-2.0072932219573256,-1.838631000459177,-1.3521326908528284,0,1.0445456977616399,0.23470248152804274
-1.890890445945318,-1.766606340908404,-1.573935899559998,-1.1983391943072341,-1.0445456977616399,0,-0.5751407347055544
-1.4798852491701726,-1.2982569257856125,-1.03666674099361,-0.6071792179696379,-0.23470248152804274,0.5751407347055544,0
