0,0.7169182332504473,0.7217024595818848,0.72463788025731,0.7278634680467089,0.7350930588530988,0.7493656359033253
-0.7169182332504473,0,0.7264866859133223,0.7284977037607413,0.7315118796454628,0.7396367652537617,0.7558551164339009
-0.7217024595818848,-0.7264866859133223,0,0.7305087216081603,0.7340244765115329,0.7440201250339081,0.7631972240640456
-0.72463788025731,-0.7284977037607413,-0.7305087216081603,0,0.7375402314149055,0.7507758267467821,0.7740933915493406
-0.7278634680467089,-0.7315118796454628,-0.7340244765115329,-0.7375402314149055,0,0.7640114220786587,0.7923699716165582
-0.7350930588530988,-0.7396367652537617,-0.7440201250339081,-0.7507758267467821,-0.7640114220786587,0,0.8207285211544577
-0.7493656359033253,-0.7558551164339009,-0.7631972240640456,-0.7740933915493406,-0.7923699716165582,-0.8207285211544577,0
