0,0.709053795976218,0.7113112341472925,0.7155127487712233,0.7232526732060118,0.7362327394541145,0.7557393163855849
-0.709053795976218,0,0.713568672318367,0.718742225168726,0.7279856322826097,0.7430274753235886,0.7650764204674582
-0.7113112341472925,-0.713568672318367,0,0.723915778019085,0.7351941122647312,0.7528470763253292,0.777953357504731
-0.7155127487712233,-0.718742225168726,-0.723915778019085,0,0.7464724465103774,0.7673127254784513,0.7959658839999464
-0.7232526732060118,-0.7279856322826097,-0.7351941122647312,-0.7464724465103774,0,0.7881530044465253,0.8207126027447309
-0.7362327394541145,-0.7430274753235886,-0.7528470763253292,-0.7673127254784513,-0.7881530044465253,0,0.8532722010429366
-0.7557393163855849,-0.7650764204674582,-0.777953357504731,-0.7959658839999464,-0.8207126027447309,-0.8532722010429366,0
