0,0.7250755079100807,0.726421431257533,0.7289358504805764,0.733444271588006,0.7403364252722409,0.7493656359033253
-0.7250755079100807,0,0.7277673546049853,0.7308660217658243,0.7362338594806478,0.7441516546127809,0.7542236615019743
-0.726421431257533,-0.7277673546049853,0,0.7339646889266631,0.7404671119184789,0.7496130879487127,0.7608377382262215
-0.7289358504805764,-0.7308660217658243,-0.7339646889266631,0,0.7469695349102947,0.7574372874597375,0.7697954213260743
-0.733444271588006,-0.7362338594806478,-0.7404671119184789,-0.7469695349102947,0,0.7679050400091803,0.781208364533964
-0.7403364252722409,-0.7441516546127809,-0.7496130879487127,-0.7574372874597375,-0.7679050400091803,0,0.7945116890587478
-0.7493656359033253,-0.7542236615019743,-0.7608377382262215,-0.7697954213260743,-0.781208364533964,-0.7945116890587478,0
