0,0.7181786842340806,0.716922152140718,0.7150576610435541,0.7098574405016767,0.6986860881324961,0.6857629123462342
-0.7181786842340806,0,0.7156656200473553,0.7134971494482909,0.7070836925908753,0.6938129391071001,0.679279757968665
-0.716922152140718,-0.7156656200473553,0,0.7113286788492263,0.7027927288626353,0.6865287121270148,0.6701832924489923
-0.7150576610435541,-0.7134971494482909,-0.7113286788492263,0,0.6942567788760443,0.6741287287659092,0.6564681636489144
-0.7098574405016767,-0.7070836925908753,-0.7027927288626353,-0.6942567788760443,0,0.6540006786557742,0.6375738560353494
-0.6986860881324961,-0.6938129391071001,-0.6865287121270148,-0.6741287287659092,-0.6540006786557742,0,0.6211470334149247
-0.6857629123462342,-0.679279757968665,-0.6701832924489923,-0.6564681636489144,-0.6375738560353494,-0.6211470334149247,0
