0,1.060438276961867,1.074839307718474,1.0919424004394467,1.1403106546886612,1.2320239826276245,1.1918502562689777
-1.060438276961867,0,1.0892403384750808,1.1076944621782365,1.1669347805975925,1.2749204090440638,1.2181326521303997
-1.074839307718474,-1.0892403384750808,0,1.126148585881392,1.2057820016588485,1.3368137659003914,1.2503557305442294
-1.0919424004394467,-1.1076944621782365,-1.126148585881392,0,1.285415417436305,1.4421463559098913,1.2917581120985087
-1.1403106546886612,-1.1669347805975925,-1.2057820016588485,-1.285415417436305,0,1.5988772943834775,1.2949294594296106
-1.2320239826276245,-1.2749204090440638,-1.3368137659003914,-1.4421463559098913,-1.5988772943834775,0,0.9909816244757437
-1.1918502562689777,-1.2181326521303997,-1.2503557305442294,-1.2917581120985087,-1.2949294594296106,-0.9909816244757437,0
