0,1.3826301757871973,1.3673663776568723,1.3517752128859126,1.3559526120925824,1.3689047723465546,1.2814547856514438
-1.3826301757871973,0,1.3521025795265473,1.3363477314352705,1.3470600908610442,1.365473421486394,1.261219707624293
-1.3673663776568723,-1.3521025795265473,0,1.3205928833439935,1.3445388465282926,1.3699303688063427,1.2384989896487295
-1.3517752128859126,-1.3363477314352705,-1.3205928833439935,0,1.3684848097125917,1.3945991115375174,1.2111343584169747
-1.3559526120925824,-1.3470600908610442,-1.3445388465282926,-1.3684848097125917,0,1.420713413362443,1.1324591327691662
-1.3689047723465546,-1.365473421486394,-1.3699303688063427,-1.3945991115375174,-1.420713413362443,0,0.8442048521758894
-1.2814547856514438,-1.261219707624293,-1.2384989896487295,-1.2111343584169747,-1.1324591327691662,-0.8442048521758894,0
