0,1.3881583105281026,1.3827009262174248,1.3763528329885348,1.3817272663589932,1.3888907684196354,1.4580194883415682
-1.3881583105281026,0,1.377243541906747,1.370450094218751,1.3795835849692901,1.3890738828925187,1.4719917239042615
-1.3827009262174248,-1.377243541906747,0,1.363656646530755,1.3807536065005617,1.393017329887776,1.49567876940364
-1.3763528329885348,-1.370450094218751,-1.363656646530755,0,1.3978505664703684,1.4076976715662863,1.5396861436946017
-1.3817272663589932,-1.3795835849692901,-1.3807536065005617,-1.3978505664703684,0,1.4175447766622042,1.6106039323067183
-1.3888907684196354,-1.3890738828925187,-1.393017329887776,-1.4076976715662863,-1.4175447766622042,0,1.8036630879512323
-1.4580194883415682,-1.4719917239042615,-1.49567876940364,-1.5396861436946017,-1.6106039323067183,-1.8036630879512323,0
