0,0.46200596796794896,0.46248428111646883,0.4620237660001061,0.45981797371329197,0.4548419418325052,0.44621590255084587
-0.46200596796794896,0,0.4629625942649887,0.4620326650161847,0.459088642295073,0.45305093529864426,0.44305788946742525
-0.46248428111646883,-0.4629625942649887,0,0.4611027357673806,0.4571516663101151,0.4497470489765294,0.43808171326803436
-0.4620237660001061,-0.4620326650161847,-0.4611027357673806,0,0.45320059685284964,0.44406920558110385,0.43040803910158565
-0.45981797371329197,-0.459088642295073,-0.4571516663101151,-0.45320059685284964,0,0.4349378143093581,0.41901176022595366
-0.4548419418325052,-0.45305093529864426,-0.4497470489765294,-0.44406920558110385,-0.4349378143093581,0,0.40308570614254924
-0.44621590255084587,-0.44305788946742525,-0.43808171326803436,-0.43040803910158565,-0.41901176022595366,-0.40308570614254924,0
