0,0.44768235679297114,0.4488307722116398,0.4497906855052812,0.4500836971008022,0.448522433167479,0.44267515099863824
-0.44768235679297114,0,0.4499791876303085,0.45084484986143625,0.45088414387007925,0.4487324522611059,0.4416737098397717
-0.4488307722116398,-0.4499791876303085,0,0.45171051209256396,0.4513366219899646,0.44831687380470503,0.4395973403921375
-0.4497906855052812,-0.45084484986143625,-0.45171051209256396,0,0.45096273188736524,0.4466200546607756,0.4355596164919953
-0.4500836971008022,-0.45088414387007925,-0.4513366219899646,-0.45096273188736524,0,0.44227737743418594,0.4278580587943104
-0.448522433167479,-0.4487324522611059,-0.44831687380470503,-0.4466200546607756,-0.44227737743418594,0,0.4134387401544348
-0.44267515099863824,-0.4416737098397717,-0.4395973403921375,-0.4355596164919953,-0.4278580587943104,-0.4134387401544348,0
