0,0.4436216061392923,0.44390762704038944,0.4444585851555222,0.4455094396414743,0.44709526305952585,0.4487682376345774
-0.4436216061392923,0,0.4441936479414866,0.44487707466363713,0.44613871747553496,0.4479636772895842,0.4497975639336344
-0.44390762704038944,-0.4441936479414866,0,0.44556050138578773,0.4471112522425592,0.4492203537389501,0.4511985429316714
-0.4444585851555222,-0.44487707466363713,-0.44556050138578773,0,0.4486620030993307,0.45105027991553126,0.4530778901136326
-0.4455094396414743,-0.44613871747553496,-0.4471112522425592,-0.4486620030993307,0,0.45343855673173183,0.45528583362078356
-0.44709526305952585,-0.4479636772895842,-0.4492203537389501,-0.45105027991553126,-0.45343855673173183,0,0.4571331105098353
-0.4487682376345774,-0.4497975639336344,-0.4511985429316714,-0.4530778901136326,-0.45528583362078356,-0.4571331105098353,0
