0,0.44723890961968193,0.4480641630843673,0.44908554977524046,0.45070887363939316,0.4533752617361618,0.45733235213968876
-0.44723890961968193,0,0.4488894165490527,0.45000886985301974,0.45186552831263027,0.45490934976528186,0.45935104064369014
-0.4480641630843673,-0.4488894165490527,0,0.4511283231569868,0.453353584194419,0.4569159941706915,0.46196644666734943
-0.44908554977524046,-0.45000886985301974,-0.4511283231569868,0,0.4555788452318512,0.4598098296775439,0.465579154504137
-0.45070887363939316,-0.45186552831263027,-0.453353584194419,-0.4555788452318512,0,0.4640408141232366,0.4705793091402799
-0.4533752617361618,-0.45490934976528186,-0.4569159941706915,-0.4598098296775439,-0.4640408141232366,0,0.4771178041573232
-0.45733235213968876,-0.45935104064369014,-0.46196644666734943,-0.465579154504137,-0.4705793091402799,-0.4771178041573232,0
