0,0.44373535672799996,0.4433869534768878,0.442708613105824,0.4415983057242302,0.43996265839369186,0.4378300318550956
-0.44373535672799996,0,0.4430385502257756,0.442195241294736,0.44088595538964026,0.43901948381011485,0.4366489668805148
-0.4433869534768878,-0.4430385502257756,0,0.4413519323636964,0.4398096579715726,0.4376797950048947,0.43505157104419956
-0.442708613105824,-0.442195241294736,-0.4413519323636964,0,0.43826738357944883,0.43584372632549373,0.43295145060436724
-0.4415983057242302,-0.44088595538964026,-0.4398096579715726,-0.43826738357944883,0,0.4334200690715386,0.43029348411682644
-0.43996265839369186,-0.43901948381011485,-0.4376797950048947,-0.43584372632549373,-0.4334200690715386,0,0.42716689916211426
-0.4378300318550956,-0.4366489668805148,-0.43505157104419956,-0.43295145060436724,-0.43029348411682644,-0.42716689916211426,0
