0,0.44703251913228315,0.4468086406816456,0.44637611597726984,0.44561167701857735,0.4442617561969703,0.44192128712661943
-0.44703251913228315,0,0.44658476223100807,0.44604791439976316,0.4451380629806754,0.4435690654631421,0.44089904072548675
-0.4468086406816456,-0.44658476223100807,0,0.44551106656851824,0.4444147133555091,0.4425638332071868,0.4394776103491064
-0.44637611597726984,-0.44604791439976316,-0.44551106656851824,0,0.4433183601424999,0.44109021652652103,0.4374664582759691
-0.44561167701857735,-0.4451380629806754,-0.4444147133555091,-0.4433183601424999,0,0.43886207291054213,0.43454050734270366
-0.4442617561969703,-0.4435690654631421,-0.4425638332071868,-0.44109021652652103,-0.43886207291054213,0,0.4302189417748652
-0.44192128712661943,-0.44089904072548675,-0.4394776103491064,-0.4374664582759691,-0.43454050734270366,-0.4302189417748652,0
