0,6.670139079770693,5.437874210194436,4.349604937653465,3.2803914373560867,2.621529062028544,2.1861226339767685,1.8747116045470738,1.6400219233838558,1.4576090038765512,1.3119039276681153,1.1928364684345925,1.0933766040411605,1.0092980178985744,0.9372529465848382,0.8747755925149906,0.8200336676059152,0.7718767361594951,0.7296111123946818,0.6901782573013594,0.6561792609487567,0.6244708397788503,0.5978241796532395,0.5649854696426502,0.5373168321324919
-6.670139079770693,0,4.205609340618179,3.1893378665948515,2.150475556551218,1.6093765575930064,1.2893193448179834,1.075473692009804,0.9214337581857361,0.8060427443897836,0.7165444663233845,0.6451062073009826,0.5863981971566576,0.5375612627425645,0.49626170557054167,0.4608210577110118,0.43002664012826336,0.40323533968379527,0.3801682907843281,0.3579582116086187,0.33965505995812845,0.3221874277792582,0.3086663272666942,0.28747848736410275,0.2706723865830049
-5.437874210194436,-4.205609340618179,0,2.173066392571524,1.1229086645177375,0.7439656299179488,0.5602468458679346,0.44944656228812896,0.3740711611136624,0.32039037350001287,0.2804113570365352,0.24949474804351623,0.22447708281050555,0.20410234657205414,0.1871494026499052,0.17276042056430663,0.16034216152184083,0.14974373962150303,0.14107822516971247,0.13162579225511514,0.1248798221436812,0.11779680078773605,0.11381917659911993,0.10090082768533724,0.09181161594504247
-4.349604937653465,-3.1893378665948515,-2.173066392571524,0,0.07275093646395092,0.02941524859116118,0.022640330300071437,0.01854160471728017,0.014272114822090032,0.011611036988094329,0.010032066245822488,0.009048292477515263,0.007967159503725717,0.007205941972107155,0.006611494475212577,0.006068256230371845,0.005517220671865202,0.005220692982215803,0.0056123473429250245,0.0040357547353395695,0.0043982591773374935,0.0036151567997478257,0.00543774417951971,-0.0027074505589721022,-0.007295754370504274
-3.2803914373560867,-2.150475556551218,-1.1229086645177375,-0.07275093646395092,0,-0.01392043928162856,-0.0024149727818683075,0.0004718274683899182,-0.00034759058837519063,-0.0006169429070769894,-0.00042107879053225145,-5.208523483268834e-05,-0.00013081261630243368,-7.683519365326358e-05,-2.449723661257508e-06,6.194390955565671e-06,-8.55889774752742e-05,2.6058868236179275e-05,0.0008167338342803175,-0.0005452573799011873,0.00012621684692415425,-0.00045165376873470945,0.001698122385940199,-0.006678944612810156,-0.011298088912227033
-2.621529062028544,-1.6093765575930064,-0.7439656299179488,-0.02941524859116118,0.01392043928162856,0,0.009090493717891945,0.0076679608433991575,0.004176692309375933,0.0027089311865609034,0.0022787933076870103,0.002259307106299957,0.0018391340501727274,0.0016536153173436485,0.0015439935605573317,0.0013988577582139782,0.0011721246865386609,0.0011882670473915742,0.0019503625355040773,0.0004101127559364822,0.0010626605888276685,0.00039014532582115624,0.0026168613075618907,-0.006276639353431356,-0.011160070471732217
-2.1861226339767685,-1.2893193448179834,-0.5602468458679346,-0.022640330300071437,0.0024149727818683075,-0.009090493717891945,0,0.00624542796890637,0.0017197916051179263,0.0005817436761172227,0.0005758682051357766,0.0008930697839815594,0.0006305741055528576,0.0005912041172653204,0.000600681040890505,0.0005442315404719819,0.0003802877834033325,0.0004698828046188132,0.0013553516036384217,-0.0002576088565216303,0.0004892439367516488,-0.00018987790031689636,0.0022122592819162623,-0.007180588357626844,-0.012285101815600226
-1.8747116045470738,-1.075473692009804,-0.44944656228812896,-0.01854160471728017,-0.0004718274683899182,-0.0076679608433991575,-0.00624542796890637,0,-0.002805844758670517,-0.0022500984702773508,-0.001313985049454421,-0.00044501976224964324,-0.0004923966671178448,-0.0003511665246748545,-0.00020571137739747565,-0.00016841801308231652,-0.00027139445943033833,-0.00010767171180994239,0.000910799206795881,-0.0007995285919739636,4.6460549662824106e-05,-0.0006495426052614153,0.0019433813694502552,-0.00801971437803517,-0.01337513297939473
-1.6400219233838558,-0.9214337581857361,-0.3740711611136624,-0.014272114822090032,0.00034759058837519063,-0.004176692309375933,-0.0017197916051179263,0.002805844758670517,0,-0.0016943521818841845,-0.000568055194846373,0.00034192190322398136,8.596535577032327e-05,0.00013976912212427807,0.00022764418614803125,0.00020835723628742642,4.5411827974684016e-05,0.00019212529339678811,0.0012824636033425207,-0.0006171362131833679,0.0002841526586906025,-0.0004836732088453306,0.0022826118071731676,-0.008367305685992813,-0.014035713493189994
-1.4576090038765512,-0.8060427443897836,-0.32039037350001287,-0.011611036988094329,0.0006169429070769894,-0.0027089311865609034,-0.0005817436761172227,0.0022500984702773508,0.0016943521818841845,0,0.0005582417921914384,0.0013600589457780643,0.0006794045349884925,0.0005982994481263937,0.0006120434597544743,0.0005254754726493616,0.0002939495436688081,0.0004279349778069097,0.0016132209128121547,-0.0005094146163132862,0.00046401673510649226,-0.00038278329442542613,0.002588532114023733,-0.008843945222000573,-0.014858470913943714
-1.3119039276681153,-0.7165444663233845,-0.2804113570365352,-0.010032066245822488,0.00042107879053225145,-0.0022787933076870103,-0.0005758682051357766,0.001313985049454421,0.000568055194846373,-0.0005582417921914384,0,0.00216187609936469,0.0007399859063870196,0.0006116520001047121,0.0006254938766452334,0.0005189222087409462,0.000249900835581703,0.00040931971860911986,0.0017450933028897442,-0.0006280431061471445,0.00045459422939799767,-0.0004683310295724138,0.002757722974176424,-0.00956719037693842,-0.015959664678667655
-1.1928364684345925,-0.6451062073009826,-0.24949474804351623,-0.009048292477515263,5.208523483268834e-05,-0.002259307106299957,-0.0008930697839815594,0.00044501976224964324,-0.00034192190322398136,-0.0013600589457780643,-0.00216187609936469,0,-0.0006819042865906511,-0.00016346004952527693,0.0001133664690720811,0.0001081837360850102,-0.0001324942171748944,0.0001172269884831915,0.0016855529033933234,-0.0009767830068361238,0.0002648962438461429,-0.0007313517424661243,0.0028118908718865816,-0.010544612583297011,-0.01735362935390091
-1.0933766040411605,-0.5863981971566576,-0.22447708281050555,-0.007967159503725717,0.00013081261630243368,-0.0018391340501727274,-0.0006305741055528576,0.0004923966671178448,-8.596535577032327e-05,-0.0006794045349884925,-0.0007399859063870196,0.0006819042865906511,0,0.0003549841875400972,0.0005110018469034472,0.0003715464103102306,4.858300179044761e-06,0.00027705324349796,0.0020801291017239856,-0.0010189085382997628,0.0003832463101507422,-0.0007368459042300657,0.003161270387734305,-0.011441222428452136,-0.018742939776176765
-1.0092980178985744,-0.5375612627425645,-0.20410234657205414,-0.007205941972107155,7.683519365326358e-05,-0.0016536153173436485,-0.0005912041172653204,0.0003511665246748545,-0.00013976912212427807,-0.0005982994481263937,-0.0006116520001047121,0.00016346004952527693,-0.0003549841875400972,0,0.0006670195062667972,0.0003798275216952973,-0.00011185032894130605,0.0002575705074874257,0.0024251580845607635,-0.0012478906592730727,0.00038728375623797717,-0.000873324665701336,0.0034730799655336617,-0.012620843090051358,-0.02047911468196921
-0.9372529465848382,-0.49626170557054167,-0.1871494026499052,-0.006611494475212577,2.449723661257508e-06,-0.0015439935605573317,-0.000600681040890505,0.00020571137739747565,-0.00022764418614803125,-0.0006120434597544743,-0.0006254938766452334,-0.0001133664690720811,-0.0005110018469034472,-0.0006670195062667972,0,9.263553712379746e-05,-0.0005012852465453577,0.0001210875078943019,0.002864692729134255,-0.0016308726923810468,0.0003406611312331738,-0.001093373833125355,0.0038238375229420196,-0.014097272267420044,-0.02259372810079281
-0.8747755925149906,-0.4608210577110118,-0.17276042056430663,-0.006068256230371845,-6.194390955565671e-06,-0.0013988577582139782,-0.0005442315404719819,0.00016841801308231652,-0.00020835723628742642,-0.0005254754726493616,-0.0005189222087409462,-0.0001081837360850102,-0.0003715464103102306,-0.0003798275216952973,-9.263553712379746e-05,0,-0.0010952060302145128,0.0001353134932795541,0.003788711793137741,-0.002061749749757258,0.0003902662500550491,-0.0012910420615002138,0.004356866378058909,-0.015871010742988023,-0.02511443517167243
-0.8200336676059152,-0.43002664012826336,-0.16034216152184083,-0.005517220671865202,8.55889774752742e-05,-0.0011721246865386609,-0.0003802877834033325,0.00027139445943033833,-4.5411827974684016e-05,-0.0002939495436688081,-0.000249900835581703,0.0001324942171748944,-4.858300179044761e-06,0.00011185032894130605,0.0005012852465453577,0.0010952060302145128,0,0.001365833016773621,0.006230670704813868,-0.0023839309896048397,0.0007616343201224396,-0.001330209267757354,0.005265545112771146,-0.017981839987669952,-0.028116838814354672
-0.7718767361594951,-0.40323533968379527,-0.14974373962150303,-0.005220692982215803,-2.6058868236179275e-05,-0.0011882670473915742,-0.0004698828046188132,0.00010767171180994239,-0.00019212529339678811,-0.0004279349778069097,-0.00040931971860911986,-0.0001172269884831915,-0.00027705324349796,-0.0002575705074874257,-0.0001210875078943019,-0.0001353134932795541,-0.001365833016773621,0,0.011095508392854114,-0.00425881299279407,0.0005602347545720457,-0.002004219838890098,0.00604548753197065,-0.021206452155077216,-0.032328649075944425
-0.7296111123946818,-0.3801682907843281,-0.14107822516971247,-0.0056123473429250245,-0.0008167338342803175,-0.0019503625355040773,-0.0013553516036384217,-0.000910799206795881,-0.0012824636033425207,-0.0016132209128121547,-0.0017450933028897442,-0.0016855529033933234,-0.0020801291017239856,-0.0024251580845607635,-0.002864692729134255,-0.003788711793137741,-0.006230670704813868,-0.011095508392854114,0,-0.019613134378442254,-0.0047074020645689885,-0.006370795916138168,0.004782982316749784,-0.02766684426466348,-0.03956600865407752
-0.6901782573013594,-0.3579582116086187,-0.13162579225511514,-0.0040357547353395695,0.0005452573799011873,-0.0004101127559364822,0.0002576088565216303,0.0007995285919739636,0.0006171362131833679,0.0005094146163132862,0.0006280431061471445,0.0009767830068361238,0.0010189085382997628,0.0012478906592730727,0.0016308726923810468,0.002061749749757258,0.0023839309896048397,0.00425881299279407,0.019613134378442254,0,0.010198330249304277,0.0002503733150138743,0.01291502121514713,-0.02968027173621879,-0.04355658350920457
-0.6561792609487567,-0.33965505995812845,-0.1248798221436812,-0.0043982591773374935,-0.00012621684692415425,-0.0010626605888276685,-0.0004892439367516488,-4.6460549662824106e-05,-0.0002841526586906025,-0.00046401673510649226,-0.00045459422939799767,-0.0002648962438461429,-0.0003832463101507422,-0.00038728375623797717,-0.0003406611312331738,-0.0003902662500550491,-0.0007616343201224396,-0.0005602347545720457,0.0047074020645689885,-0.010198330249304277,0,-0.009697583619276529,0.014273366698068557,-0.042973139064726475,-0.056995311948831784
-0.6244708397788503,-0.3221874277792582,-0.11779680078773605,-0.0036151567997478257,0.00045165376873470945,-0.00039014532582115624,0.00018987790031689636,0.0006495426052614153,0.0004836732088453306,0.00038278329442542613,0.0004683310295724138,0.0007313517424661243,0.0007368459042300657,0.000873324665701336,0.001093373833125355,0.0012910420615002138,0.001330209267757354,0.002004219838890098,0.006370795916138168,-0.0002503733150138743,0.009697583619276529,0,0.03824431701541364,-0.05961091678745145,-0.07276122139201686
-0.5978241796532395,-0.3086663272666942,-0.11381917659911993,-0.00543774417951971,-0.001698122385940199,-0.0026168613075618907,-0.0022122592819162623,-0.0019433813694502552,-0.0022826118071731676,-0.002588532114023733,-0.002757722974176424,-0.0028118908718865816,-0.003161270387734305,-0.0034730799655336617,-0.0038238375229420196,-0.004356866378058909,-0.005265545112771146,-0.00604548753197065,-0.004782982316749784,-0.01291502121514713,-0.014273366698068557,-0.03824431701541364,0,-0.15746615059031654,-0.12826399059573212
-0.5649854696426502,-0.28747848736410275,-0.10090082768533724,0.0027074505589721022,0.006678944612810156,0.006276639353431356,0.007180588357626844,0.00801971437803517,0.008367305685992813,0.008843945222000573,0.00956719037693842,0.010544612583297011,0.011441222428452136,0.012620843090051358,0.014097272267420044,0.015871010742988023,0.017981839987669952,0.021206452155077216,0.02766684426466348,0.02968027173621879,0.042973139064726475,0.05961091678745145,0.15746615059031654,0,-0.0990618306011477
-0.5373168321324919,-0.2706723865830049,-0.09181161594504247,0.007295754370504274,0.011298088912227033,0.011160070471732217,0.012285101815600226,0.01337513297939473,0.014035713493189994,0.014858470913943714,0.015959664678667655,0.01735362935390091,0.018742939776176765,0.02047911468196921,0.02259372810079281,0.02511443517167243,0.028116838814354672,0.032328649075944425,0.03956600865407752,0.04355658350920457,0.056995311948831784,0.07276122139201686,0.12826399059573212,0.0990618306011477,0
