0,6.6827005897226615,5.40642447246681,4.355476036544592,3.2785821571874307,2.6230648741862344,2.1876462025430667,1.8742824452818654,1.6399704221117721,1.4579506966122269,1.3122095839909984,1.1929826938184946,1.093252280669295,1.009438889097523,0.9373112476607103,0.8748086162811011,0.8200836472053087,0.7715867134693917,0.7289118584507001,0.6903415135155614,0.65605135593521,0.625901036115001,0.5930114044554511,0.5769445575214994,0.5032479608149195
-6.6827005897226615,0,4.130148355210959,3.1918637599555573,2.1438760130090206,1.6081559453021275,1.2886353251071478,1.0728794212083994,0.9195803981673594,0.8048569599734224,0.7154883611319248,0.6440109042280778,0.5851206162098981,0.5366670807120949,0.4953582213482525,0.45995918960670396,0.42924251770415184,0.4021420962035623,0.37868899190529054,0.35743267594850026,0.33885929099902834,0.323061058434618,0.3030262051570125,0.2994101924214466,0.23457610738414808
-5.40642447246681,-4.130148355210959,0,2.253579164700156,1.1507398419080515,0.7674918086658504,0.5782570675811951,0.4614256344078875,0.38448573866009284,0.32981533208234587,0.2886558618720456,0.25666229856331335,0.23061784230979204,0.2099869648485618,0.19245904352636037,0.17763694609868436,0.16489210073937993,0.15360834560306919,0.1442227816986863,0.1355082242271792,0.1282321207650322,0.12268804281481063,0.1116700976543152,0.11699408943146986,0.05750464157383852
-4.355476036544592,-3.1918637599555573,-2.253579164700156,0,0.04790051911594695,0.024448130648697664,0.01981636854154149,0.013387251834820368,0.010667053452080211,0.00918802664604416,0.007952532896601281,0.007047690296207998,0.00584436204419604,0.005627744863402384,0.005084487056015325,0.004641761215228375,0.00422386505008946,0.003610429953277285,0.003599022831921654,0.003128790447618157,0.003211706415907296,0.0043052027100692275,-0.0010619585059922162,0.010164835668035544,-0.047070335717890883
-3.2785821571874307,-2.1438760130090206,-1.1507398419080515,-0.04790051911594695,0,0.000995742181448378,0.005774293254338758,0.0018828294077781749,0.0013586870361135261,0.0014455281520636021,0.0012945351933770037,0.0012115718933881478,0.0005873424102271763,0.000930769946452988,0.0008028838500221625,0.0007091468606175963,0.0005841438779346694,0.00020350001768731064,0.00043463024020556115,0.00014400853639623772,0.00041865562215481766,0.0017407723332528908,-0.0037820961516555032,0.008178747065513891,-0.05181887845958277
-2.6230648741862344,-1.6081559453021275,-0.7674918086658504,-0.024448130648697664,-0.000995742181448378,0,0.010552844327229138,0.0023263730209430733,0.0014796686543352422,0.001557974644717408,0.0013542937957627288,0.001247543512044776,0.0005289995857670046,0.0009226484170785643,0.0007814551465303607,0.0006804873285345181,0.000546725850342514,0.00013747983737388836,0.0003914677831868829,8.31704188925134e-05,0.0003801831848685803,0.001787336717740673,-0.004063145465367496,0.008577802892406419,-0.05459859533542652
-2.1876462025430667,-1.2886353251071478,-0.5782570675811951,-0.01981636854154149,-0.005774293254338758,-0.010552844327229138,0,-0.005900098285342992,-0.003056919182111706,-0.0014403152494531686,-0.0009453438371038736,-0.0006135166509920964,-0.0011416412044766844,-0.00045309385580008917,-0.0004399685010569865,-0.00041644122687599524,-0.00045388599734614844,-0.0008093714798856798,-0.000455313595483305,-0.0007221891125179963,-0.00034643546815717386,0.0012029695437747753,-0.004976644827404786,0.00846162398447567,-0.05821811976112961
-1.8742824452818654,-1.0728794212083994,-0.4614256344078875,-0.013387251834820368,-0.0018828294077781749,-0.0023263730209430733,0.005900098285342992,0,-0.00021374007888042001,0.0007895762684917429,0.0007062409789758325,0.0007081287575956274,-0.0001899497883034229,0.0004547402157903946,0.0003400500395553,0.0002690159054323793,0.0001512487013201675,-0.0003002987993399486,3.966683086757557e-05,-0.0002906966814492466,8.076936393404292e-05,0.0017103315315689014,-0.004915081263542239,0.009359231626339337,-0.06129565043617588
-1.6399704221117721,-0.9195803981673594,-0.38448573866009284,-0.010667053452080211,-0.0013586870361135261,-0.0014796686543352422,0.003056919182111706,0.00021374007888042001,0,0.0017928926158639058,0.0011662315079039587,0.00101541836975431,-0.00018400221565917363,0.0005884362747245575,0.00043234839262791996,0.00033798104604849347,0.00019687229884524093,-0.0003099164349465629,6.500752184237512e-05,-0.0002976927362282308,0.00010531181750191483,0.001858337040065003,-0.00525089134816094,0.009997429740020655,-0.06511326983350685
-1.4579506966122269,-0.8048569599734224,-0.32981533208234587,-0.00918802664604416,-0.0014455281520636021,-0.001557974644717408,0.0014403152494531686,-0.0007895762684917429,-0.0017928926158639058,0,0.0005395703999440116,0.000626681246699512,-0.0008429671595002001,0.00028732218943972043,0.00016023954798072282,9.549578441259143e-05,-3.1130603585996906e-05,-0.0005727675662978715,-0.00012697971082668383,-0.0005067512714374445,-4.8104618712811615e-05,0.0018637907420817612,-0.005792720883855159,0.01058346810603185,-0.06957368066346489
-1.3122095839909984,-0.7154883611319248,-0.2886558618720456,-0.007952532896601281,-0.0012945351933770037,-0.0013542937957627288,0.0009453438371038736,-0.0007062409789758325,-0.0011662315079039587,-0.0005395703999440116,0,0.0007137920934550124,-0.001534235939222306,0.0002032394526049567,6.540683498990063e-05,6.680861306307406e-06,-0.00012624743750766498,-0.000731672990046712,-0.00021029847467302076,-0.000623009234924273,-0.00010687212057849393,0.0019841744095488293,-0.006320411824171757,0.011356075621884761,-0.07458177002513697
-1.1929826938184946,-0.6440109042280778,-0.25666229856331335,-0.007047690296207998,-0.0012115718933881478,-0.001247543512044776,0.0006135166509920964,-0.0007081287575956274,-0.00101541836975431,-0.000626681246699512,-0.0007137920934550124,0,-0.0037822639718996243,-5.203686782007111e-05,-0.00015072158449846995,-0.00017009694673086884,-0.00029425534370020046,-0.0009725838372969994,-0.0003423114129770255,-0.0007901094009716836,-0.00019805703324888354,0.002111212641158211,-0.006959884907592372,0.01224293258258724,-0.08037373634195173
-1.093252280669295,-0.5851206162098981,-0.23061784230979204,-0.00584436204419604,-0.0005873424102271763,-0.0005289995857670046,0.0011416412044766844,0.0001899497883034229,0.00018400221565917363,0.0008429671595002001,0.001534235939222306,0.0037822639718996243,0,0.003678190236259482,0.0016650496092021072,0.001033958728325383,0.0005777468133496555,-0.00041064781037647435,0.0002310140135100743,-0.00036265874798197776,0.00024996883408245907,0.002766043375942415,-0.007277647001161647,0.013699768632995137,-0.08675635903945607
-1.009438889097523,-0.5366670807120949,-0.2099869648485618,-0.005627744863402384,-0.000930769946452988,-0.0009226484170785643,0.00045309385580008917,-0.0004547402157903946,-0.0005884362747245575,-0.00028732218943972043,-0.0002032394526049567,5.203686782007111e-05,-0.003678190236259482,0,-0.00034809101785526764,-0.00028815702564166656,-0.0004557343276202867,-0.0014328573220354635,-0.0004584212310398073,-0.0010361335786888877,-0.0002397770805142585,0.0026520250184027816,-0.008494962249763994,0.014701926472668703,-0.09497768170088476
-0.9373112476607103,-0.4953582213482525,-0.19245904352636037,-0.005084487056015325,-0.0008028838500221625,-0.0007814551465303607,0.0004399685010569865,-0.0003400500395553,-0.00043234839262791996,-0.00016023954798072282,-6.540683498990063e-05,0.00015072158449846995,-0.0016650496092021072,0.00034809101785526764,0,-0.0002282230334280655,-0.0005095559825027962,-0.0017944460900955288,-0.00048600378433594216,-0.0011737420908556119,-0.0002217247576240903,0.003080613023582503,-0.009513321153752585,0.016374150638282476,-0.10444064076918771
-0.8748086162811011,-0.45995918960670396,-0.17763694609868436,-0.004641761215228375,-0.0007091468606175963,-0.0006804873285345181,0.00041644122687599524,-0.0002690159054323793,-0.00033798104604849347,-9.549578441259143e-05,-6.680861306307406e-06,0.00017009694673086884,-0.001033958728325383,0.00028815702564166656,0.0002282230334280655,0,-0.0007908889315775269,-0.0025775576184292603,-0.0005719307013052344,-0.0014101218552124983,-0.00022042510246329529,0.003632085699750931,-0.010839763742370374,0.018449447347246295,-0.11601979829538323
-0.8200836472053087,-0.42924251770415184,-0.16489210073937993,-0.00422386505008946,-0.0005841438779346694,-0.000546725850342514,0.00045388599734614844,-0.0001512487013201675,-0.00019687229884524093,3.1130603585996906e-05,0.00012624743750766498,0.00029425534370020046,-0.0005777468133496555,0.0004557343276202867,0.0005095559825027962,0.0007908889315775269,0,-0.004364226305280994,-0.0004624515861690881,-0.0016165328297574888,-7.780914518473736e-05,0.004516680626016623,-0.012514576210835848,0.0211980668156497,-0.13042341196585894
-0.7715867134693917,-0.4021420962035623,-0.15360834560306919,-0.003610429953277285,-0.00020350001768731064,-0.00013747983737388836,0.0008093714798856798,0.0003002987993399486,0.0003099164349465629,0.0005727675662978715,0.000731672990046712,0.0009725838372969994,0.00041064781037647435,0.0014328573220354635,0.0017944460900955288,0.0025775576184292603,0.004364226305280994,0,0.0034393231329428176,-0.00024268609199573632,0.001350996574847348,0.006736907358841027,-0.01414464619194682,0.02545844900247148,-0.1484318670602272
-0.7289118584507001,-0.37868899190529054,-0.1442227816986863,-0.003599022831921654,-0.00043463024020556115,-0.0003914677831868829,0.000455313595483305,-3.966683086757557e-05,-6.500752184237512e-05,0.00012697971082668383,0.00021029847467302076,0.0003423114129770255,-0.0002310140135100743,0.0004584212310398073,0.00048600378433594216,0.0005719307013052344,0.0004624515861690881,-0.0034393231329428176,0,-0.00392469531693429,0.0003068332957996134,0.007836102100807096,-0.01854063852316923,0.029862274176377213,-0.17374373209242222
-0.6903415135155614,-0.35743267594850026,-0.1355082242271792,-0.003128790447618157,-0.00014400853639623772,-8.31704188925134e-05,0.0007221891125179963,0.0002906966814492466,0.0002976927362282308,0.0005067512714374445,0.000623009234924273,0.0007901094009716836,0.00036265874798197776,0.0010361335786888877,0.0011737420908556119,0.0014101218552124983,0.0016165328297574888,0.00024268609199573632,0.00392469531693429,0,0.004538361908533517,0.01371650080967779,-0.023412619591914208,0.03830901654970509,-0.2077075394475198
-0.65605135593521,-0.33885929099902834,-0.1282321207650322,-0.003211706415907296,-0.00041865562215481766,-0.0003801831848685803,0.00034643546815717386,-8.076936393404292e-05,-0.00010531181750191483,4.8104618712811615e-05,0.00010687212057849393,0.00019805703324888354,-0.00024996883408245907,0.0002397770805142585,0.0002217247576240903,0.00022042510246329529,7.780914518473736e-05,-0.001350996574847348,-0.0003068332957996134,-0.004538361908533517,0,0.022894639710822062,-0.03738811034213807,0.049565901430095614,-0.26076901478653314
-0.625901036115001,-0.323061058434618,-0.12268804281481063,-0.0043052027100692275,-0.0017407723332528908,-0.001787336717740673,-0.0012029695437747753,-0.0017103315315689014,-0.001858337040065003,-0.0018637907420817612,-0.0019841744095488293,-0.002111212641158211,-0.002766043375942415,-0.0026520250184027816,-0.003080613023582503,-0.003632085699750931,-0.004516680626016623,-0.006736907358841027,-0.007836102100807096,-0.01371650080967779,-0.022894639710822062,0,-0.0976708603950982,0.06290153228973239,-0.35532356628565154
-0.5930114044554511,-0.3030262051570125,-0.1116700976543152,0.0010619585059922162,0.0037820961516555032,0.004063145465367496,0.004976644827404786,0.004915081263542239,0.00525089134816094,0.005792720883855159,0.006320411824171757,0.006959884907592372,0.007277647001161647,0.008494962249763994,0.009513321153752585,0.010839763742370374,0.012514576210835848,0.01414464619194682,0.01854063852316923,0.023412619591914208,0.03738811034213807,0.0976708603950982,0,0.22347392497456298,-0.4841499192309282
-0.5769445575214994,-0.2994101924214466,-0.11699408943146986,-0.010164835668035544,-0.008178747065513891,-0.008577802892406419,-0.00846162398447567,-0.009359231626339337,-0.009997429740020655,-0.01058346810603185,-0.011356075621884761,-0.01224293258258724,-0.013699768632995137,-0.014701926472668703,-0.016374150638282476,-0.018449447347246295,-0.0211980668156497,-0.02545844900247148,-0.029862274176377213,-0.03830901654970509,-0.049565901430095614,-0.06290153228973239,-0.22347392497456298,0,-1.1917737634364194
-0.5032479608149195,-0.23457610738414808,-0.05750464157383852,0.047070335717890883,0.05181887845958277,0.05459859533542652,0.05821811976112961,0.06129565043617588,0.06511326983350685,0.06957368066346489,0.07458177002513697,0.08037373634195173,0.08675635903945607,0.09497768170088476,0.10444064076918771,0.11601979829538323,0.13042341196585894,0.1484318670602272,0.17374373209242222,0.2077075394475198,0.26076901478653314,0.35532356628565154,0.4841499192309282,1.1917737634364194,0
