0,6.709401558543843,5.413638850040453,4.352488380689501,3.278436940362378,2.6240026156562566,2.187403289190061,1.874185642320673,1.640607251883994,1.4577053706820473,1.3120684589484464,1.1928578282682272,1.0933374398374707,1.009326614181834,0.9372292423998527,0.8746853025580317,0.8200730146292077,0.7720013226141839,0.7289755667702148,0.6910271341913258,0.6556718025883297,0.6242480561716613,0.5916917441783488,0.5624365027201207,0.6528413622258161
-6.709401558543843,0,4.117876141537063,3.174031791762331,2.1347820676352227,1.6026528799343602,1.2830036353193046,1.0683163229501447,0.9164937795040157,0.8012433471993229,0.7123647812156245,0.6412034552406657,0.5827861563187094,0.5343203688183332,0.4932159873118535,0.4579198557019023,0.4274511117015653,0.40091380786858016,0.3771858025482367,0.35667299950507486,0.33705444701172377,0.31999038105305233,0.3003722292085634,0.2830290001826788,0.3895126580380759
-5.413638850040453,-4.117876141537063,0,2.2301874419875993,1.1432350306843029,0.7642451260667927,0.5742855087648651,0.458404359232761,0.38293005249850776,0.3274386622939315,0.28667586117544475,0.25490649009662153,0.22927715779687413,0.20854257129844875,0.19116097445975275,0.17638475679150536,0.16384932385617265,0.15311631895734798,0.14339265636143506,0.1354257558561344,0.1270087973158716,0.12010165681705176,0.1094970335921384,0.10041723154675572,0.22004159060630374
-4.352488380689501,-3.174031791762331,-2.2301874419875993,0,0.05628261938100643,0.03127396810638938,0.022318197690620305,0.015458588544051466,0.013478574600689441,0.010313865678320155,0.009031349630851235,0.007996371110249312,0.006953792886793566,0.0063780842295336985,0.00579493195722123,0.00523453302516419,0.004900237846062903,0.0047540958837586035,0.004273003986357438,0.004503150472917827,0.0032924064528288,0.002874668752021334,-0.002118251060254276,-0.006071278975286453,0.1243203595881468
-3.278436940362378,-2.1347820676352227,-1.1432350306843029,-0.05628261938100643,0,0.0062653168317723384,0.005335986845427243,0.0018505782650664788,0.002777563405610195,0.0011201149377829012,0.001156138005825369,0.0010983356429982954,0.0007876895750169588,0.0008331358793700616,0.00074616321484271,0.0005937979019058046,0.0006183727181509427,0.0007903633070472329,0.0005580314581682241,0.001051185879045254,-1.948185518230172e-05,-0.0002669754026248479,-0.005362743862546537,-0.009353063099301869,0.1277222465985038
-2.6240026156562566,-1.6026528799343602,-0.7642451260667927,-0.03127396810638938,-0.0062653168317723384,0,0.0044066568590821475,-0.0003567910182864509,0.001614978930222814,-0.00016618553571445815,0.00013430224063597506,0.00023717211153595485,5.171395480475992e-06,0.000154113260319777,0.00013292392407275125,2.6646008919151142e-05,0.00010501416236717954,0.0003341171799868074,0.00011900950635252299,0.0006787479538504623,-0.00043846843431261107,-0.000675243667274672,-0.006046747432800589,-0.010220750873250436,0.13411471658622653
-2.187403289190061,-1.2830036353193046,-0.5742855087648651,-0.022318197690620305,-0.005335986845427243,-0.0044066568590821475,0,-0.005120238895655049,0.00021913996579314698,-0.0016904663339799935,-0.000933786413975568,-0.0005967248379732837,-0.0007284095151198026,-0.00045339296807484733,-0.0004012926928034233,-0.0004600218633211818,-0.00032515010730431725,-3.6113699930950816e-05,-0.00023829443970827904,0.0003919857303711019,-0.0007845488124122367,-0.00101403703569846,-0.00670008520104326,-0.011081186622211176,0.1413207199044012
-1.874185642320673,-1.0683163229501447,-0.458404359232761,-0.015458588544051466,-0.0018505782650664788,0.0003567910182864509,0.005120238895655049,0,0.005558518827241343,2.441994685753457e-05,0.00046169774658425905,0.0005341536764471577,0.00014995636098724674,0.00032441468652185296,0.0002728424790325233,0.00012250526572055165,0.00020763753584576407,0.00047229881964145904,0.00020551869265051823,0.0008513377825399479,-0.000451034190624328,-0.0007207369028444179,-0.00680540828806914,-0.011453745855120934,0.14993489395146334
-1.640607251883994,-0.9164937795040157,-0.38293005249850776,-0.013478574600689441,-0.002777563405610195,-0.001614978930222814,-0.00021913996579314698,-0.005558518827241343,0,-0.005509678933526274,-0.002086712793744283,-0.0011406347071509042,-0.0012021842555762774,-0.0007224061416220451,-0.0006081035790022801,-0.0006540681002109901,-0.0004612226255786833,-9.28367367585281e-05,-0.00032978132080856425,0.0004234122330216391,-0.0009518302754464673,-0.0012037565743894764,-0.0076885459391627465,-0.012587896833945086,0.15895841739672723
-1.4577053706820473,-0.8012433471993229,-0.3274386622939315,-0.010313865678320155,-0.0011201149377829012,0.00016618553571445815,0.0016904663339799935,-2.441994685753457e-05,0.005509678933526274,0,0.001336253346037708,0.0010438874060367809,0.0002336473037403882,0.0004744120563540122,0.0003722114919025188,0.000155200372008224,0.00025998541841382964,0.0005842685378374401,0.0002457628583822924,0.0010167213496764306,-0.0005374803974392121,-0.0008449297111280766,-0.007856151093442475,-0.013093483826832144,0.16992295715207745
-1.3120684589484464,-0.7123647812156245,-0.28667586117544475,-0.009031349630851235,-0.001156138005825369,-0.00013430224063597506,0.000933786413975568,-0.00046169774658425905,0.002086712793744283,-0.001336253346037708,0,0.0007515214660358538,-0.0003176557174082717,0.00018713162645944692,0.0001312010283687215,-8.101022279767278e-05,8.06074304765166e-05,0.0004768421366659733,0.00010945154742536545,0.0009812177945251774,-0.0007248537717869042,-0.0010432190799613298,-0.00862218479673249,-0.014203463609360593,0.1819648645667946
-1.1928578282682272,-0.6412034552406657,-0.25490649009662153,-0.007996371110249312,-0.0010983356429982954,-0.00023717211153595485,0.0005967248379732837,-0.0005341536764471577,0.0011406347071509042,-0.0010438874060367809,-0.0007515214660358538,0,-0.0013868329008523972,-9.506329332875652e-05,-7.557245085365594e-05,-0.0002891431450060544,-5.357537663535084e-05,0.0004310622484376599,1.7727273338152827e-05,0.0010099298355863429,-0.0008888954648783217,-0.001222693134561048,-0.009474339911529612,-0.01544971236564363,0.19590435249762217
-1.0933374398374707,-0.5827861563187094,-0.22927715779687413,-0.006953792886793566,-0.0007876895750169588,-5.171395480475992e-06,0.0007284095151198026,-0.00014995636098724674,0.0012021842555762774,-0.0002336473037403882,0.0003176557174082717,0.0013868329008523972,0,0.0011967063141948842,0.0005800577741457147,7.675344027605983e-05,0.00027973900441891075,0.0007946412782956713,0.0002518206357032445,0.0013523245122204486,-0.0008266532853815622,-0.0012044553827508981,-0.010283090612597334,-0.016728155953351923,0.21234528461416172
-1.009326614181834,-0.5343203688183332,-0.20854257129844875,-0.0063780842295336985,-0.0008331358793700616,-0.000154113260319777,0.00045339296807484733,-0.00032441468652185296,0.0007224061416220451,-0.0004744120563540122,-0.00018713162645944692,9.506329332875652e-05,-0.0011967063141948842,0,-3.659076590345478e-05,-0.00048322299668335233,-2.5916765506413714e-05,0.0006941250193208681,6.284350000491656e-05,0.0013782608785580426,-0.001115704656749626,-0.001504600594869121,-0.011558623604463136,-0.018520642180106607,0.2315406099141587
-0.9372292423998527,-0.4932159873118535,-0.19116097445975275,-0.00579493195722123,-0.00074616321484271,-0.00013292392407275125,0.0004012926928034233,-0.0002728424790325233,0.0006081035790022801,-0.0003722114919025188,-0.0001312010283687215,7.557245085365594e-05,-0.0005800577741457147,3.659076590345478e-05,0,-0.0009298552274632499,-2.0579765307893183e-05,0.0009376969477289757,8.77020664820094e-05,0.001661231207450342,-0.0012955569718906546,-0.0017143162847213591,-0.012998877709283096,-0.02057442567057362,0.2546983299821649
-0.8746853025580317,-0.4579198557019023,-0.17638475679150536,-0.00523453302516419,-0.0005937979019058046,-2.6646008919151142e-05,0.0004600218633211818,-0.00012250526572055165,0.0006540681002109901,-0.000155200372008224,8.101022279767278e-05,0.0002891431450060544,-7.675344027605983e-05,0.00048322299668335233,0.0009298552274632499,0,0.0008886956968474635,0.0018714730353250886,0.00042688783113042916,0.00230900281617874,-0.0013686973207761356,-0.0018450597942643772,-0.014723023778114503,-0.02302999697596242,0.28310146167212363
-0.8200730146292077,-0.4274511117015653,-0.16384932385617265,-0.004900237846062903,-0.0006183727181509427,-0.00010501416236717954,0.00032515010730431725,-0.00020763753584576407,0.0004612226255786833,-0.00025998541841382964,-8.06074304765166e-05,5.357537663535084e-05,-0.00027973900441891075,2.5916765506413714e-05,2.0579765307893183e-05,-0.0008886956968474635,0,0.0028542503738027136,0.00019598389827191198,0.002782438522622499,-0.0019330455751820352,-0.0023918108924867454,-0.017324977023941496,-0.026446953072078117,0.31837805741903313
-0.7720013226141839,-0.40091380786858016,-0.15311631895734798,-0.0047540958837586035,-0.0007903633070472329,-0.0003341171799868074,3.6113699930950816e-05,-0.00047229881964145904,9.28367367585281e-05,-0.0005842685378374401,-0.0004768421366659733,-0.0004310622484376599,-0.0007946412782956713,-0.0006941250193208681,-0.0009376969477289757,-0.0018714730353250886,-0.0028542503738027136,0,-0.0024622825772588897,0.0027465325970323917,-0.0035288108915102847,-0.00370332620905911,-0.02136082250349034,-0.031330486979724924,0.3634528869969232
-0.7289755667702148,-0.3771858025482367,-0.14339265636143506,-0.004273003986357438,-0.0005580314581682241,-0.00011900950635252299,0.00023829443970827904,-0.00020551869265051823,0.00032978132080856425,-0.0002457628583822924,-0.00010945154742536545,-1.7727273338152827e-05,-0.0002518206357032445,-6.284350000491656e-05,-8.77020664820094e-05,-0.00042688783113042916,-0.00019598389827191198,0.0024622825772588897,0,0.007955347771323673,-0.0040620750486359825,-0.004117007419659184,-0.026085457485048202,-0.03710412786021813,0.4244387485926202
-0.6910271341913258,-0.35667299950507486,-0.1354257558561344,-0.004503150472917827,-0.001051185879045254,-0.0006787479538504623,-0.0003919857303711019,-0.0008513377825399479,-0.0004234122330216391,-0.0010167213496764306,-0.0009812177945251774,-0.0010099298355863429,-0.0013523245122204486,-0.0013782608785580426,-0.001661231207450342,-0.00230900281617874,-0.002782438522622499,-0.0027465325970323917,-0.007955347771323673,0,-0.016079497868595638,-0.010153185015150612,-0.03743239257050549,-0.04836899676810358,0.5077354287568795
-0.6556718025883297,-0.33705444701172377,-0.1270087973158716,-0.0032924064528288,1.948185518230172e-05,0.00043846843431261107,0.0007845488124122367,0.000451034190624328,0.0009518302754464673,0.0005374803974392121,0.0007248537717869042,0.0008888954648783217,0.0008266532853815622,0.001115704656749626,0.0012955569718906546,0.0013686973207761356,0.0019330455751820352,0.0035288108915102847,0.0040620750486359825,0.016079497868595638,0,-0.004226872161705586,-0.04810883992146042,-0.05913216306793956,0.6386891604132483
-0.6242480561716613,-0.31999038105305233,-0.12010165681705176,-0.002874668752021334,0.0002669754026248479,0.000675243667274672,0.00101403703569846,0.0007207369028444179,0.0012037565743894764,0.0008449297111280766,0.0010432190799613298,0.001222693134561048,0.0012044553827508981,0.001504600594869121,0.0017143162847213591,0.0018450597942643772,0.0023918108924867454,0.00370332620905911,0.004117007419659184,0.010153185015150612,0.004226872161705586,0,-0.09199080768121526,-0.08658480852105654,0.8529945046048996
-0.5916917441783488,-0.3003722292085634,-0.1094970335921384,0.002118251060254276,0.005362743862546537,0.006046747432800589,0.00670008520104326,0.00680540828806914,0.0076885459391627465,0.007856151093442475,0.00862218479673249,0.009474339911529612,0.010283090612597334,0.011558623604463136,0.012998877709283096,0.014723023778114503,0.017324977023941496,0.02136082250349034,0.026085457485048202,0.03743239257050549,0.04810883992146042,0.09199080768121526,0,-0.08117880936089783,1.325487160747957
-0.5624365027201207,-0.2830290001826788,-0.10041723154675572,0.006071278975286453,0.009353063099301869,0.010220750873250436,0.011081186622211176,0.011453745855120934,0.012587896833945086,0.013093483826832144,0.014203463609360593,0.01544971236564363,0.016728155953351923,0.018520642180106607,0.02057442567057362,0.02302999697596242,0.026446953072078117,0.031330486979724924,0.03710412786021813,0.04836899676810358,0.05913216306793956,0.08658480852105654,0.08117880936089783,0,2.732153130856812
-0.6528413622258161,-0.3895126580380759,-0.22004159060630374,-0.1243203595881468,-0.1277222465985038,-0.13411471658622653,-0.1413207199044012,-0.14993489395146334,-0.15895841739672723,-0.16992295715207745,-0.1819648645667946,-0.19590435249762217,-0.21234528461416172,-0.2315406099141587,-0.2546983299821649,-0.28310146167212363,-0.31837805741903313,-0.3634528869969232,-0.4244387485926202,-0.5077354287568795,-0.6386891604132483,-0.8529945046048996,-1.325487160747957,-2.732153130856812,0
