0,6.722219614636857,5.411092335094561,4.346134045494785,3.2765410452802524,2.6224821076830587,2.1856489433816257,1.8743198711808555,1.639650135791713,1.457894852136201,1.3120514013059155,1.1928860438960005,1.093475802126702,1.00945224700877,0.937150058782123,0.8748741883209418,0.8199842703707497,0.7718810684173208,0.7291406779436295,0.6910222374239743,0.6564283924732344,0.6243138461631578,0.6005509259068863,0.5650561023651784,0.7348581903500132
-6.722219614636857,0,4.099965055552265,3.1580912609237495,2.127981522161384,1.5975477309446091,1.2783348091305795,1.0663365806048553,0.9135687816709782,0.799854256823619,0.7109215998246998,0.6399526868219149,0.5817718191712333,0.5333882997064293,0.49214470833175883,0.457206657869805,0.4265019140863426,0.3999849092785998,0.37660662284402785,0.35595571646770297,0.3371762228856753,0.3194185577394728,0.309042893110221,0.2851850336255567,0.47453812842449833
-5.411092335094561,-4.099965055552265,0,2.216217466295234,1.1419897554659437,0.7634086227420571,0.5729272475251581,0.4596108856153734,0.38250273602409707,0.328409857005241,0.2872911678587542,0.25550686807409817,0.22995249553313019,0.20915404917498973,0.19149301273004996,0.1769944734326927,0.16411168969591955,0.15331956619368878,0.143896720799763,0.1357198729921405,0.12813239884864253,0.12044242627564164,0.11949678498811878,0.10352884210523723,0.30974599537323616
-4.346134045494785,-3.1580912609237495,-2.216217466295234,0,0.06776204463665358,0.03700420096546875,0.025163841268466196,0.020459240445408255,0.015759789969869688,0.01377525545690883,0.01173026808211424,0.010418043296456236,0.009256387670674234,0.008447707462965326,0.007427153315033247,0.007059224027480937,0.006257399188279978,0.005969716186435571,0.005742004433398288,0.005688773410697179,0.005303865469431264,0.004010479607886512,0.009143064919323245,-0.0021055891042625952,0.2189616396150458
-3.2765410452802524,-2.127981522161384,-1.1419897554659437,-0.06776204463665358,0,0.006246357294283911,0.0038647395843725008,0.004691639048326479,0.002759226303173712,0.0029778976209598796,0.002391638656357683,0.0022260431049994723,0.001943180549926815,0.0018572255547777416,0.0013936641828712127,0.0015407857902834236,0.0011320120675821777,0.0012164601518034163,0.0013120015617371955,0.0015505553289667517,0.0014002292714798692,0.00026038754737080146,0.005886454935027115,-0.005782832985363447,0.22652161936396542
-2.6224821076830587,-1.5975477309446091,-0.7634086227420571,-0.03700420096546875,-0.006246357294283911,0,0.0014831218744610908,0.003914279925347763,0.0015968493061369788,0.0021607827026288717,0.001620694928772437,0.0015559907401187327,0.0013284410150186585,0.0013085840873394705,0.0008544760593809128,0.001070228639883375,0.0006670715924274747,0.0007973020565967085,0.000932435736156679,0.001215140902872669,0.0010771540699595998,-0.00011373556181126787,0.00586528420801201,-0.0064511213342327445,0.23811505420973814
-2.1856489433816257,-1.2783348091305795,-0.5729272475251581,-0.025163841268466196,-0.0038647395843725008,-0.0014831218744610908,0,0.006345437976234436,0.001653713021974923,0.0023866696453514655,0.0016550881923502736,0.001570564513250261,0.0013026608717782533,0.0012836501177506676,0.0007758953324958906,0.0010243516138191842,0.000585466564224113,0.0007349548004272192,0.0008865452246313114,0.001194526981981252,0.0010481563696380647,-0.00022019272422942512,0.006139169353858942,-0.00691784152297944,0.25126127267280907
-1.8743198711808555,-1.0663365806048553,-0.4596108856153734,-0.020459240445408255,-0.004691639048326479,-0.003914279925347763,-0.006345437976234436,0,-0.00303801193228459,0.0004072854799099801,9.163826438888616e-05,0.0003768461475042173,0.00029410545088701665,0.0004400188080033729,-1.975361660961588e-05,0.0003592158185172778,-5.4530259332589516e-05,0.00017390648284649758,0.0003902822472128455,0.0007652843991268199,0.0006406731691306516,-0.0006891663456911294,0.006125418112367243,-0.007746796491680308,0.26566808647848994
-1.639650135791713,-0.9135687816709782,-0.38250273602409707,-0.015759789969869688,-0.002759226303173712,-0.0015968493061369788,-0.001653713021974923,0.00303801193228459,0,0.00385258289210455,0.0016564633627256242,0.0015151321741004864,0.0011271347966799183,0.0011356249560609654,0.0004832894360028798,0.0008445340686318303,0.00031840494978641054,0.0005307863067499517,0.0007331116651625891,0.0011110386110733117,0.000947230260915255,-0.000508485915953171,0.006779948829842374,-0.008060715462306689,0.28246221762916335
-1.457894852136201,-0.799854256823619,-0.328409857005241,-0.01377525545690883,-0.0029778976209598796,-0.0021607827026288717,-0.0023866696453514655,-0.0004072854799099801,-0.00385258289210455,0,-0.0005396561666533017,0.0003464068150984545,0.00021865209820504106,0.0004563854720500693,-0.00019056925521745426,0.0003431925980530437,-0.0001864776134018951,0.00011556173358062694,0.00038650375105792674,0.0008368841829701878,0.0006831072944435009,-0.0008719083166246477,0.007005130825052975,-0.008911665344764634,0.3010361932783006
-1.3120514013059155,-0.7109215998246998,-0.2872911678587542,-0.01173026808211424,-0.002391638656357683,-0.001620694928772437,-0.0016550881923502736,-9.163826438888616e-05,-0.0016564633627256242,0.0005396561666533017,0,0.0012324697968502107,0.0005978062306342125,0.0007883993516178597,-0.0001032975273584924,0.0005197623509943128,-0.00012761452119332736,0.00020916429075690246,0.0005022737407718303,0.0009898331107061312,0.0008053836405531811,-0.0009021130575311338,0.007633863074361831,-0.009555666050773199,0.32257732538151157
-1.1928860438960005,-0.6399526868219149,-0.25550686807409817,-0.010418043296456236,-0.0022260431049994723,-0.0015559907401187327,-0.001570564513250261,-0.0003768461475042173,-0.0015151321741004864,-0.0003464068150984545,-0.0012324697968502107,0,-3.685733558178583e-05,0.0005663641290016841,-0.0005485533020947267,0.0003415854895303383,-0.00039963138480203497,3.861337307468441e-05,0.0003979600184749188,0.0009595035249381212,0.0007579296231868445,-0.001115571342969268,0.008215807917771979,-0.010454677371408483,0.34729616042648553
-1.093475802126702,-0.5817718191712333,-0.22995249553313019,-0.009256387670674234,-0.001943180549926815,-0.0013284410150186585,-0.0013026608717782533,-0.00029410545088701665,-0.0011271347966799183,-0.00021865209820504106,-0.0005978062306342125,3.685733558178583e-05,0,0.001169585593585154,-0.0008044012853511973,0.00046773309790104634,-0.0004903248971070973,5.3707514805978465e-05,0.0004704295774843696,0.0011018407907266794,0.0008572779930329233,-0.0012354284549012107,0.009041074443107356,-0.011401751920120001,0.3762405785733245
-1.00945224700877,-0.5333882997064293,-0.20915404917498973,-0.008447707462965326,-0.0018572255547777416,-0.0013085840873394705,-0.0012836501177506676,-0.0004400188080033729,-0.0011356249560609654,-0.0004563854720500693,-0.0007883993516178597,-0.0005663641290016841,-0.001169585593585154,0,-0.0027783881642875485,0.0001168068500589925,-0.0010436283940045143,-0.00022526200488881543,0.0003305983742642127,0.0010905499902502669,0.0008126626215254618,-0.0015360552109620063,0.009915684315276488,-0.012658885671490516,0.4103379415714826
-0.937150058782123,-0.49214470833175883,-0.19149301273004996,-0.007427153315033247,-0.0013936641828712127,-0.0008544760593809128,-0.0007758953324958906,1.975361660961588e-05,-0.0004832894360028798,0.00019056925521745426,0.0001032975273584924,0.0005485533020947267,0.0008044012853511973,0.0027783881642875485,0,0.0030120018644055335,-0.00017624850886299726,0.0006257800482440956,0.001107845008902153,0.00186433762115783,0.00141117108582763,-0.001358579074772643,0.011502443375221993,-0.013756718727846402,0.4516495745450596
-0.8748741883209418,-0.457206657869805,-0.1769944734326927,-0.007059224027480937,-0.0015407857902834236,-0.001070228639883375,-0.0010243516138191842,-0.0003592158185172778,-0.0008445340686318303,-0.0003431925980530437,-0.0005197623509943128,-0.0003415854895303383,-0.00046773309790104634,-0.0001168068500589925,-0.0030120018644055335,0,-0.003364498882131528,-0.0005673308598366233,0.0004731260570676928,0.001577421560345904,0.0010910049301120495,-0.002087009231302339,0.012715363591052917,-0.015852808801877893,0.5014981937317989
-0.8199842703707497,-0.4265019140863426,-0.16411168969591955,-0.006257399188279978,-0.0011320120675821777,-0.0006670715924274747,-0.000585466564224113,5.4530259332589516e-05,-0.00031840494978641054,0.0001864776134018951,0.00012761452119332736,0.00039963138480203497,0.0004903248971070973,0.0010436283940045143,0.00017624850886299726,0.003364498882131528,0,0.0022298371624582813,0.0023919385266673032,0.003224728374505048,0.002204880883172944,-0.0018315113011365014,0.01539534066991699,-0.017636853076127373,0.5646060303085403
-0.7718810684173208,-0.3999849092785998,-0.15331956619368878,-0.005969716186435571,-0.0012164601518034163,-0.0007973020565967085,-0.0007349548004272192,-0.00017390648284649758,-0.0005307863067499517,-0.00011556173358062694,-0.00020916429075690246,-3.861337307468441e-05,-5.3707514805978465e-05,0.00022526200488881543,-0.0006257800482440956,0.0005673308598366233,-0.0022298371624582813,0,0.002554039890876325,0.0037221739805284315,0.0021965621234111645,-0.002846848417035197,0.018028441371408733,-0.02094796811589165,0.6449454864722662
-0.7291406779436295,-0.37660662284402785,-0.143896720799763,-0.005742004433398288,-0.0013120015617371955,-0.000932435736156679,-0.0008865452246313114,-0.0003902822472128455,-0.0007331116651625891,-0.00038650375105792674,-0.0005022737407718303,-0.0003979600184749188,-0.0004704295774843696,-0.0003305983742642127,-0.001107845008902153,-0.0004731260570676928,-0.0023919385266673032,-0.002554039890876325,0,0.004890308070180538,0.0020178232396785845,-0.004647144519672371,0.021897041741541834,-0.025648369717245247,0.7520107275691646
-0.6910222374239743,-0.35595571646770297,-0.1357198729921405,-0.005688773410697179,-0.0015505553289667517,-0.001215140902872669,-0.001194526981981252,-0.0007652843991268199,-0.0011110386110733117,-0.0008368841829701878,-0.0009898331107061312,-0.0009595035249381212,-0.0011018407907266794,-0.0010905499902502669,-0.00186433762115783,-0.001577421560345904,-0.003224728374505048,-0.0037221739805284315,-0.004890308070180538,0,-0.000854661590823369,-0.009415870814598826,0.027565952965328933,-0.03328303916410169,0.9014348114689614
-0.6564283924732344,-0.3371762228856753,-0.12813239884864253,-0.005303865469431264,-0.0014002292714798692,-0.0010771540699595998,-0.0010481563696380647,-0.0006406731691306516,-0.000947230260915255,-0.0006831072944435009,-0.0008053836405531811,-0.0007579296231868445,-0.0008572779930329233,-0.0008126626215254618,-0.00141117108582763,-0.0010910049301120495,-0.002204880883172944,-0.0021965621234111645,-0.0020178232396785845,0.000854661590823369,0,-0.017977080038374282,0.04177626024340508,-0.044092498355194465,1.1270071797339076
-0.6243138461631578,-0.3194185577394728,-0.12044242627564164,-0.004010479607886512,-0.00026038754737080146,0.00011373556181126787,0.00022019272422942512,0.0006891663456911294,0.000508485915953171,0.0008719083166246477,0.0009021130575311338,0.001115571342969268,0.0012354284549012107,0.0015360552109620063,0.001358579074772643,0.002087009231302339,0.0018315113011365014,0.002846848417035197,0.004647144519672371,0.009415870814598826,0.017977080038374282,0,0.10152960052518445,-0.057150207513604556,1.5086685996580016
-0.6005509259068863,-0.309042893110221,-0.11949678498811878,-0.009143064919323245,-0.005886454935027115,-0.00586528420801201,-0.006139169353858942,-0.006125418112367243,-0.006779948829842374,-0.007005130825052975,-0.007633863074361831,-0.008215807917771979,-0.009041074443107356,-0.009915684315276488,-0.011502443375221993,-0.012715363591052917,-0.01539534066991699,-0.018028441371408733,-0.021897041741541834,-0.027565952965328933,-0.04177626024340508,-0.10152960052518445,0,-0.21583001555239356,2.21223809922441
-0.5650561023651784,-0.2851850336255567,-0.10352884210523723,0.0021055891042625952,0.005782832985363447,0.0064511213342327445,0.00691784152297944,0.007746796491680308,0.008060715462306689,0.008911665344764634,0.009555666050773199,0.010454677371408483,0.011401751920120001,0.012658885671490516,0.013756718727846402,0.015852808801877893,0.017636853076127373,0.02094796811589165,0.025648369717245247,0.03328303916410169,0.044092498355194465,0.057150207513604556,0.21583001555239356,0,4.640306214001214
-0.7348581903500132,-0.47453812842449833,-0.30974599537323616,-0.2189616396150458,-0.22652161936396542,-0.23811505420973814,-0.25126127267280907,-0.26566808647848994,-0.28246221762916335,-0.3010361932783006,-0.32257732538151157,-0.34729616042648553,-0.3762405785733245,-0.4103379415714826,-0.4516495745450596,-0.5014981937317989,-0.5646060303085403,-0.6449454864722662,-0.7520107275691646,-0.9014348114689614,-1.1270071797339076,-1.5086685996580016,-2.21223809922441,-4.640306214001214,0
