0,6.7115722308725685,5.4136448894018265,4.345551658576688,3.2777633060064275,2.624305387097613,2.187281961227098,1.8741586441210203,1.6398678658992698,1.4576881055097304,1.3120269959834014,1.192792603905828,1.0934109362715072,1.0092867144302065,0.9371394358168622,0.8748118479012116,0.8203497077701106,0.7719046686996149,0.7290422130629313,0.6906344177196428,0.6567351529905996,0.6233199044364086,0.5902376625201855,0.5680517270843382,0.6716473620314468
-6.7115722308725685,0,4.115717547931085,3.162541372428747,2.133160331051047,1.6024886761538741,1.2824239072980037,1.0679230463290954,0.9153386709030843,0.8009525898393756,0.7120775254401608,0.640914641209154,0.5826690003986835,0.5340962547266762,0.4929522977356541,0.45790039197468607,0.4276015395632801,0.4006754460638054,0.3771286826035409,0.35613787254448037,0.33805951731260125,0.31890728811460056,0.29874554021769106,0.28880079509396406,0.40904193295139807
-5.4136448894018265,-4.115717547931085,0,2.2093651969264094,1.1418817226110285,0.764745718894804,0.5741004971397334,0.4583641460086977,0.38194219139841756,0.32741473868341714,0.2866225226287953,0.25482542935116176,0.22936414564544344,0.20849431898082085,0.19105519355270154,0.17652984151650158,0.16416468182272265,0.15300597260598678,0.14346687852056939,0.13498612693350362,0.1281896267226855,0.1190751691768909,0.1078969398320214,0.10656666400648211,0.2405566777250487
-4.345551658576688,-3.162541372428747,-2.2093651969264094,0,0.07439824829564756,0.04243597987900127,0.029012263877508104,0.020613883279269718,0.01645759029281919,0.01375632897625175,0.011944997729136122,0.01050795840425578,0.009364028836447207,0.00840723118626201,0.007572465973273556,0.007126895232342593,0.0068415652762851935,0.006123170868813739,0.0057403239601800495,0.005337435058947015,0.005767534357760549,0.0029479454130287605,-0.0027066526466306023,0.0014267373604857525,0.14680389109641248
-3.2777633060064275,-2.133160331051047,-1.1418817226110285,-0.07439824829564756,0,0.010473711462354984,0.006319271668438375,0.0026857616071437698,0.001972425792112098,0.0016279451123725863,0.0015361226347175478,0.0013807741340569532,0.001234751404047163,0.0010748959518858373,0.000889887741036155,0.0010113176811330504,0.0012118416913383296,0.0008712418359803673,0.0008361865076466556,0.000733380843166979,0.0014781147366426106,-0.001255013580066463,-0.006990258254534944,-0.0024138684782069745,0.15042417323645071
-2.624305387097613,-1.6024886761538741,-0.764745718894804,-0.04243597987900127,-0.010473711462354984,0,0.0021648318745217665,-0.0012082133204618373,-0.0008613360979688641,-0.0005834964751230132,-0.00025139513080993934,-0.00013471542065938516,-8.510003285395433e-05,-9.995598692280616e-05,-0.00017498156133260382,6.507830301085704e-05,0.00036985353033681565,7.103603378248262e-05,9.483843420755332e-05,3.764294179640716e-05,0.0008784082882617857,-0.0019880588952178035,-0.008017550590822587,-0.0031298451415715275,0.1577899870140347
-2.187281961227098,-1.2824239072980037,-0.5741004971397334,-0.029012263877508104,-0.006319271668438375,-0.0021648318745217665,0,-0.004581258515445441,-0.0023744200842141794,-0.0014996059250046063,-0.0008554518821428658,-0.0005946248796956155,-0.00046008868408324116,-0.00042349710998631655,-0.00046745824081440013,-0.00016822764937924402,0.00019035569591832057,-0.00011930904264836137,-7.766101915196444e-05,-0.00012598697610554356,0.0007865208892432156,-0.002264918279867108,-0.00865394949490661,-0.003441296730753486,0.16643582896622988
-1.8741586441210203,-1.0679230463290954,-0.4583641460086977,-0.020613883279269718,-0.0026857616071437698,0.0012082133204618373,0.004581258515445441,0,-0.00016758165298291772,4.122037021581093e-05,0.0003864836622913259,0.0004020335292418409,0.00036414528218919884,0.00026946312425687086,0.00012022751270432,0.0003834012088790306,0.0007205350527365163,0.00032688590463134657,0.00033175693505653345,0.00024528565217278125,0.0011994269972961892,-0.0020994654058972273,-0.008925462226870687,-0.003370049119210239,0.17649565764162253
-1.6398678658992698,-0.9153386709030843,-0.38194219139841756,-0.01645759029281919,-0.001972425792112098,0.0008613360979688641,0.0023744200842141794,0.00016758165298291772,0,0.0002500223934145396,0.0006635163199284477,0.0005919052566500937,0.000497077015982228,0.0003568720797048286,0.0001681957069855263,0.0004621130462878804,0.0008315496409514456,0.00038182674436626485,0.00038169079386047856,0.0002828190435505721,0.0013133443848194482,-0.0022480718484290973,-0.009551025125005528,-0.0035835469502920603,0.18753711009753538
-1.4576881055097304,-0.8009525898393756,-0.32741473868341714,-0.01375632897625175,-0.0016279451123725863,0.0005834964751230132,0.0014996059250046063,-4.122037021581093e-05,-0.0002500223934145396,0,0.0010770102464423559,0.0007628466882678708,0.0005794285568381241,0.00038358450127740085,0.00015183036969972362,0.0004974614884334372,0.0009146249620281464,0.0003983022882352305,0.0003963206161322495,0.0002860987085641753,0.0014100100204017126,-0.002456246368582734,-0.010304951857191687,-0.0038573733319853887,0.20002291594447677
-1.3120269959834014,-0.7120775254401608,-0.2866225226287953,-0.011944997729136122,-0.0015361226347175478,0.00025139513080993934,0.0008554518821428658,-0.0003864836622913259,-0.0006635163199284477,-0.0010770102464423559,0,0.0004486831300933858,0.0003306377120360082,0.00015244258622241583,-7.946459948593443e-05,0.00038155173683165346,0.0008875607479591116,0.00030134400849135545,0.00031123441234348626,0.00019821964879993302,0.0014433099977976481,-0.0027774515154031965,-0.011253448699161192,-0.004236941299556754,0.21423333778005066
-1.192792603905828,-0.640914641209154,-0.25482542935116176,-0.01050795840425578,-0.0013807741340569532,0.00013471542065938516,0.0005946248796956155,-0.0004020335292418409,-0.0005919052566500937,-0.0007628466882678708,-0.0004486831300933858,0,0.00021259229397863066,4.322314286930862e-06,-0.00025551384267904115,0.00036476888851622036,0.0009753362715322567,0.0002767874882243504,0.00029159888123635777,0.0001669117136382514,0.001553824094209233,-0.0031000649799528546,-0.012317278865457061,-0.004627410002027599,0.23067831121466276
-1.0934109362715072,-0.5826690003986835,-0.22936414564544344,-0.009364028836447207,-0.001234751404047163,8.510003285395433e-05,0.00046008868408324116,-0.00036414528218919884,-0.000497077015982228,-0.0005794285568381241,-0.0003306377120360082,-0.00021259229397863066,0,-0.00020394766540476894,-0.0004895669110078771,0.00041549442002875026,0.0011660222659206632,0.00028962652707349436,0.0003047666457793123,0.00016038591644676866,0.0017214780692380582,-0.0034681380103896865,-0.01357026598140063,-0.005067410210755438,0.24988378779138642
-1.0092867144302065,-0.5340962547266762,-0.20849431898082085,-0.00840723118626201,-0.0010748959518858373,9.995598692280616e-05,0.00042349710998631655,-0.00026946312425687086,-0.0003568720797048286,-0.00038358450127740085,-0.00015244258622241583,-4.322314286930862e-06,0.00020394766540476894,0,-0.0007751861566109852,0.0007252154627455099,0.0016226789096958072,0.00041302007519306017,0.0004065095080161285,0.0002211081800886916,0.001996538888472748,-0.003876161803512801,-0.015055412460955727,-0.005553756465290505,0.27261903646927654
-0.9371394358168622,-0.4929522977356541,-0.19105519355270154,-0.007572465973273556,-0.000889887741036155,0.00017498156133260382,0.00046745824081440013,-0.00012022751270432,-0.0001681957069855263,-0.00015183036969972362,7.946459948593443e-05,0.00025551384267904115,0.0004895669110078771,0.0007751861566109852,0,0.002225617082102005,0.0028216114428492034,0.000809088819127742,0.0007019334241729069,0.00042036704742862694,0.00245849306265337,-0.004319158324498774,-0.01684044074899882,-0.006084708721810451,0.2999584587318653
-0.8748118479012116,-0.45790039197468607,-0.17652984151650158,-0.007126895232342593,-0.0010113176811330504,-6.507830301085704e-05,0.00016822764937924402,-0.0003834012088790306,-0.0004621130462878804,-0.0004974614884334372,-0.00038155173683165346,-0.00036476888851622036,-0.00041549442002875026,-0.0007252154627455099,-0.002225617082102005,0,0.003417605803596402,0.00010082468764061048,0.00019403887152987428,-3.094546123971753e-05,0.002505068258763643,-0.005409954225598905,-0.019564163296298936,-0.007123499447299508,0.333039885581839
-0.8203497077701106,-0.4276015395632801,-0.16416468182272265,-0.0068415652762851935,-0.0012118416913383296,-0.00036985353033681565,-0.00019035569591832057,-0.0007205350527365163,-0.0008315496409514456,-0.0009146249620281464,-0.0008875607479591116,-0.0009753362715322567,-0.0011660222659206632,-0.0016226789096958072,-0.0028216114428492034,-0.003417605803596402,0,-0.003215956428315181,-0.0014177445945033895,-0.001180462549518424,0.0022769338725554533,-0.007175466231437966,-0.023394458146281494,-0.008629371625998925,0.3742426705541193
-0.7719046686996149,-0.4006754460638054,-0.15300597260598678,-0.006123170868813739,-0.0008712418359803673,-7.103603378248262e-05,0.00011930904264836137,-0.00032688590463134657,-0.00038182674436626485,-0.0003983022882352305,-0.00030134400849135545,-0.0002767874882243504,-0.00028962652707349436,-0.00041302007519306017,-0.000809088819127742,-0.00010082468764061048,0.003215956428315181,0,0.00038046723930840187,-0.00016271561012004554,0.004107897306178998,-0.008165343682218662,-0.027430158489874755,-0.009531607492279548,0.42816533155160996
-0.7290422130629313,-0.3771286826035409,-0.14346687852056939,-0.0057403239601800495,-0.0008361865076466556,-9.483843420755332e-05,7.766101915196444e-05,-0.00033175693505653345,-0.00038169079386047856,-0.0003963206161322495,-0.00031123441234348626,-0.00029159888123635777,-0.0003047666457793123,-0.0004065095080161285,-0.0007019334241729069,-0.00019403887152987428,0.0014177445945033895,-0.00038046723930840187,0,-0.000705898459548493,0.005971612339614296,-0.011013947322727683,-0.034382814922170546,-0.011514022438597138,0.4994628089369935
-0.6906344177196428,-0.35613787254448037,-0.13498612693350362,-0.005337435058947015,-0.000733380843166979,-3.764294179640716e-05,0.00012598697610554356,-0.00024528565217278125,-0.0002828190435505721,-0.0002860987085641753,-0.00019821964879993302,-0.0001669117136382514,-0.00016038591644676866,-0.0002211081800886916,-0.00042036704742862694,3.094546123971753e-05,0.001180462549518424,0.00016271561012004554,0.000705898459548493,0,0.012649123138777085,-0.01616797175431728,-0.045608453743044564,-0.0142160534333593,0.5994965504163019
-0.6567351529905996,-0.33805951731260125,-0.1281896267226855,-0.005767534357760549,-0.0014781147366426106,-0.0008784082882617857,-0.0007865208892432156,-0.0011994269972961892,-0.0013133443848194482,-0.0014100100204017126,-0.0014433099977976481,-0.001553824094209233,-0.0017214780692380582,-0.001996538888472748,-0.00245849306265337,-0.002505068258763643,-0.0022769338725554533,-0.004107897306178998,-0.005971612339614296,-0.012649123138777085,0,-0.04498506664741164,-0.07473724218395539,-0.023171112290738094,0.7462084072356832
-0.6233199044364086,-0.31890728811460056,-0.1190751691768909,-0.0029479454130287605,0.001255013580066463,0.0019880588952178035,0.002264918279867108,0.0020994654058972273,0.0022480718484290973,0.002456246368582734,0.0027774515154031965,0.0031000649799528546,0.0034681380103896865,0.003876161803512801,0.004319158324498774,0.005409954225598905,0.007175466231437966,0.008165343682218662,0.011013947322727683,0.01616797175431728,0.04498506664741164,0,-0.10448941772049913,-0.01226413511240132,1.0099395651967147
-0.5902376625201855,-0.29874554021769106,-0.1078969398320214,0.0027066526466306023,0.006990258254534944,0.008017550590822587,0.00865394949490661,0.008925462226870687,0.009551025125005528,0.010304951857191687,0.011253448699161192,0.012317278865457061,0.01357026598140063,0.015055412460955727,0.01684044074899882,0.019564163296298936,0.023394458146281494,0.027430158489874755,0.034382814922170546,0.045608453743044564,0.07473724218395539,0.10448941772049913,0,0.0799611474956965,1.5671540566553217
-0.5680517270843382,-0.28880079509396406,-0.10656666400648211,-0.0014267373604857525,0.0024138684782069745,0.0031298451415715275,0.003441296730753486,0.003370049119210239,0.0035835469502920603,0.0038573733319853887,0.004236941299556754,0.004627410002027599,0.005067410210755438,0.005553756465290505,0.006084708721810451,0.007123499447299508,0.008629371625998925,0.009531607492279548,0.011514022438597138,0.0142160534333593,0.023171112290738094,0.01226413511240132,-0.0799611474956965,0,3.054346965814947
-0.6716473620314468,-0.40904193295139807,-0.2405566777250487,-0.14680389109641248,-0.15042417323645071,-0.1577899870140347,-0.16643582896622988,-0.17649565764162253,-0.18753711009753538,-0.20002291594447677,-0.21423333778005066,-0.23067831121466276,-0.24988378779138642,-0.27261903646927654,-0.2999584587318653,-0.333039885581839,-0.3742426705541193,-0.42816533155160996,-0.4994628089369935,-0.5994965504163019,-0.7462084072356832,-1.0099395651967147,-1.5671540566553217,-3.054346965814947,0
