0,6.752361085781071,5.413112157020854,4.342381525995928,3.2781893332571754,2.6227394611324177,2.1863033568073895,1.874302960601453,1.6401666253291447,1.4577644088280488,1.3120747366949828,1.1928485914120304,1.0933468269381965,1.0093228053615577,0.9373395924955064,0.8747159557750699,0.820272090892706,0.771897289211722,0.7288528721166805,0.6901324337343259,0.6541229204491734,0.6244967782002184,0.5978807559304569,0.5745427096212858,0.5692328531538341
-6.752361085781071,0,4.073863228260637,3.1373917461033574,2.120132082415877,1.5903340549702543,1.2730918110126532,1.0612932730715168,0.9098531309788696,0.7959398242089212,0.7075984756854176,0.6368973419751263,0.578890985225208,0.5307362819932651,0.4900302468581552,0.4548841607746413,0.4247994912334817,0.3981183019261377,0.3745288595481869,0.3533419530650622,0.3331630170106525,0.3181035628211758,0.3048102640328086,0.2937327834322047,0.30040119086569333
-5.413112157020854,-4.073863228260637,0,2.2009202639460774,1.1432665094934968,0.7624909972067933,0.5728989567006573,0.45877928203369256,0.3825181147652416,0.32766505220153314,0.28681538161351505,0.25501224349895835,0.22939376092166502,0.20863383233259486,0.19137749840794838,0.17650115558341078,0.16415208144582774,0.15306864017050437,0.14332046150365874,0.13448776040649899,0.12534633860787558,0.1204320014822568,0.11635761582141715,0.11372657177370794,0.12888018916592314
-4.342381525995928,-3.1373917461033574,-2.2009202639460774,0,0.08561275504091626,0.043276363837151166,0.03022518761885055,0.02324403655559637,0.01883768492907443,0.015455850244109115,0.013371826994577571,0.01177374094306849,0.01033526058561919,0.009405189171246598,0.008691792449936646,0.007799563219855236,0.007477605868885462,0.006793524186534862,0.006147141340830823,0.005335728935275341,0.003253754764451934,0.004849320234266763,0.006643792235908713,0.009366887165089465,0.030211614176391996
-3.2781893332571754,-2.120132082415877,-1.1432665094934968,-0.08561275504091626,0,0.000939972633386077,0.0025314039078176975,0.0024544637271564085,0.0021439174011139706,0.001424469284747687,0.0013316723201877896,0.0012253103576616655,0.0009255737787070561,0.0009376818523944132,0.0009996961908386836,0.0007256366906678705,0.0009663434378828958,0.0007305064285055243,0.00047102607653900667,-1.6072805100719732e-05,-0.001893682752827086,9.852995152267518e-05,0.002256627635630516,0.005353946750572267,0.027441557133165782
-2.6227394611324177,-1.5903340549702543,-0.7624909972067933,-0.043276363837151166,-0.000939972633386077,0,0.004122835182249318,0.0032117092740415742,0.0025452323236899352,0.0015455934475880895,0.0014100122575481321,0.0012728666450409303,0.000923516799467196,0.0009373955047704552,0.001006332141666751,0.0007042030963960499,0.0009687407837462429,0.0007130509114321448,0.0004349532644738474,-8.436176499263379e-05,-0.0020825931119079636,4.593978390621256e-05,0.002334077929880189,0.005599167534860388,0.028836377369996294
-2.1863033568073895,-1.2730918110126532,-0.5728989567006573,-0.03022518761885055,-0.0025314039078176975,-0.004122835182249318,0,0.0023005833658338304,0.0017564308944102436,0.00068651286936768,0.0007318065263728357,0.0007028729375992526,0.000390297069003509,0.0004823326937020462,0.0006167692615939302,0.0003243550868567979,0.0006533313438959354,0.0004030705231760382,0.0001276297713258915,-0.00040799229939586084,-0.0025258379900620553,-0.00022585324264999448,0.0022222806016071184,0.005686010614425745,0.03020935193598224
-1.874302960601453,-1.0612932730715168,-0.45877928203369256,-0.02324403655559637,-0.0024544637271564085,-0.0032117092740415742,-0.0023005833658338304,0,0.0012122784229866568,-0.0001205223788653953,0.00020888091321917082,0.0003034453305406082,8.239809637444751e-06,0.00017929091501341551,0.00037622438955965876,7.732655198466887e-05,0.0004703033414583915,0.00021331923891025894,-6.991146453846656e-05,-0.0006337069381650018,-0.0028971011712848158,-0.0004063130003988391,0.0022170604173253378,0.00589759981746274,0.031851044204814494
-1.6401666253291447,-0.9098531309788696,-0.3825181147652416,-0.01883768492907443,-0.0021439174011139706,-0.0025452323236899352,-0.0017564308944102436,-0.0012122784229866568,0,-0.0014533231807174474,-0.00029281784166457214,5.009663919253171e-07,-0.00029276984369985826,-2.730658658123275e-05,0.00023688205065515908,-8.480942958704369e-05,0.00037755645626735834,0.0001023237740128814,-0.0001981304532909789,-0.0008015237891787889,-0.003239549470807438,-0.0005308200329669541,0.0022888305597781006,0.006209954577094478,0.03376596706617874
-1.4577644088280488,-0.7959398242089212,-0.32766505220153314,-0.015455850244109115,-0.001424469284747687,-0.0015455934475880895,-0.00068651286936768,0.0001205223788653953,0.0014533231807174474,0,0.0008676874973883031,0.0007274130399466117,9.408126863933812e-05,0.0003291975619528209,0.0005749230969296804,0.00014327619560135693,0.0006391106901223306,0.0002967796433541725,-5.866459468803795e-05,-0.000736343850024923,-0.0034019336789974375,-0.0004539447706544131,0.0025766885398162197,0.006757331559795331,0.03611391974930515
-1.3120747366949828,-0.7075984756854176,-0.28681538161351505,-0.013371826994577571,-0.0013316723201877896,-0.0014100122575481321,-0.0007318065263728357,-0.00020888091321917082,0.00029281784166457214,-0.0008676874973883031,0,0.0005871385825049202,-0.00029272184573514437,0.00014970091680766018,0.0005017319968150247,-1.6060647560323105e-06,0.0006010145555780019,0.00021522137849215386,-0.00017445860619758058,-0.0009145695552930593,-0.0038288957966360116,-0.0005740931586582964,0.002719105293351879,0.00721038110305741,0.03863150776729921
-1.1928485914120304,-0.6368973419751263,-0.25501224349895835,-0.01177374094306849,-0.0012253103576616655,-0.0012728666450409303,-0.0007028729375992526,-0.0003034453305406082,-5.009663919253171e-07,-0.0007274130399466117,-0.0005871385825049202,0,-0.001172582273975209,-6.901791604096985e-05,0.00047326313491839284,-0.00014879222657127045,0.0006037897501926182,0.00015323517782335946,-0.00028325820458365215,-0.0011022830725178068,-0.004319566283207226,-0.000690216332774618,0.002912920448883421,0.007762317979770117,0.04155799770459108
-1.0933468269381965,-0.578890985225208,-0.22939376092166502,-0.01033526058561919,-0.0009255737787070561,-0.000923516799467196,-0.000390297069003509,-8.239809637444751e-06,0.00029276984369985826,-9.408126863933812e-05,0.00029272184573514437,0.001172582273975209,0,0.0010345464418932693,0.0012961858393651937,0.00019247112256337573,0.001047882756234575,0.00041839866818307316,-0.00013503752635172597,-0.0010922403294524635,-0.004712939284361228,-0.0006366201170856635,0.003321470721169284,0.00857458163920151,0.0451188793694716
-1.0093228053615577,-0.5307362819932651,-0.20863383233259486,-0.009405189171246598,-0.0009376818523944132,-0.0009373955047704552,-0.0004823326937020462,-0.00017929091501341551,2.730658658123275e-05,-0.0003291975619528209,-0.00014970091680766018,6.901791604096985e-05,-0.0010345464418932693,0,0.0015578252368371182,-0.00022856653710157104,0.0010523281943483436,0.0002643617247555241,-0.00036895432000072503,-0.001446704791343419,-0.005534008673826156,-0.0008455159369580301,0.0035755734188666188,0.009328585158932335,0.04912654599925145
-0.9373395924955064,-0.4900302468581552,-0.19137749840794838,-0.008691792449936646,-0.0009996961908386836,-0.001006332141666751,-0.0006167692615939302,-0.00037622438955965876,-0.00023688205065515908,-0.0005749230969296804,-0.0005017319968150247,-0.00047326313491839284,-0.0012961858393651937,-0.0015578252368371182,0,-0.0020149583110402602,0.0007995796731039562,-0.0001667927792716739,-0.0008506492092101858,-0.0020476107969795267,-0.006715980992270036,-0.001188850390357337,0.0038277919416203066,0.010192002928054025,0.053883418075492885
-0.8747159557750699,-0.4548841607746413,-0.17650115558341078,-0.007799563219855236,-0.0007256366906678705,-0.0007042030963960499,-0.0003243550868567979,-7.732655198466887e-05,8.480942958704369e-05,-0.00014327619560135693,1.6060647560323105e-06,0.00014879222657127045,-0.00019247112256337573,0.00022856653710157104,0.0020149583110402602,0,0.0036141176572481726,0.0007572899866126193,-0.0004625461752668277,-0.002055773918464343,-0.007656185528515991,-0.001051165736910183,0.004662470549143245,0.01171787308294081,0.06009434878510768
-0.820272090892706,-0.4247994912334817,-0.16415208144582774,-0.007477605868885462,-0.0009663434378828958,-0.0009687407837462429,-0.0006533313438959354,-0.0004703033414583915,-0.00037755645626735834,-0.0006391106901223306,-0.0006010145555780019,-0.0006037897501926182,-0.001047882756234575,-0.0010523281943483436,-0.0007995796731039562,-0.0036141176572481726,0,-0.002099537684022934,-0.002500878091524328,-0.003945737777035181,-0.010473761324957032,-0.001984222415741854,0.004837196031125757,0.01287555242946833,0.06715437767609012
-0.771897289211722,-0.3981183019261377,-0.15306864017050437,-0.006793524186534862,-0.0007305064285055243,-0.0007130509114321448,-0.0004030705231760382,-0.00021331923891025894,-0.0001023237740128814,-0.0002967796433541725,-0.00021522137849215386,-0.00015323517782335946,-0.00041839866818307316,-0.0002643617247555241,0.0001667927792716739,-0.0007572899866126193,0.002099537684022934,0,-0.0029022184990257216,-0.0048688378235413055,-0.013265169205268398,-0.0019553935986715842,0.0062245427741554945,0.015371400781716874,0.07704779415610627
-0.7288528721166805,-0.3745288595481869,-0.14332046150365874,-0.006147141340830823,-0.00047102607653900667,-0.0004349532644738474,-0.0001276297713258915,6.991146453846656e-05,0.0001981304532909789,5.866459468803795e-05,0.00017445860619758058,0.00028325820458365215,0.00013503752635172597,0.00036895432000072503,0.0008506492092101858,0.0004625461752668277,0.002500878091524328,0.0029022184990257216,0,-0.006835457148056889,-0.018446644558389735,-0.0016397852985535384,0.008506233092450799,0.019026124637865394,0.09037279626529493
-0.6901324337343259,-0.3533419530650622,-0.13448776040649899,-0.005335728935275341,1.6072805100719732e-05,8.436176499263379e-05,0.00040799229939586084,0.0006337069381650018,0.0008015237891787889,0.000736343850024923,0.0009145695552930593,0.0011022830725178068,0.0010922403294524635,0.001446704791343419,0.0020476107969795267,0.002055773918464343,0.003945737777035181,0.0048688378235413055,0.006835457148056889,0,-0.03005783196872258,0.000958050626198137,0.013620129839286696,0.025491520084345964,0.1098144469479653
-0.6541229204491734,-0.3331630170106525,-0.12534633860787558,-0.003253754764451934,0.001893682752827086,0.0020825931119079636,0.0025258379900620553,0.0028971011712848158,0.003239549470807438,0.0034019336789974375,0.0038288957966360116,0.004319566283207226,0.004712939284361228,0.005534008673826156,0.006715980992270036,0.007656185528515991,0.010473761324957032,0.013265169205268398,0.018446644558389735,0.03005783196872258,0,0.031973933221118855,0.03545911074329133,0.044007970768702144,0.14478251667713726
-0.6244967782002184,-0.3181035628211758,-0.1204320014822568,-0.004849320234266763,-9.852995152267518e-05,-4.593978390621256e-05,0.00022585324264999448,0.0004063130003988391,0.0005308200329669541,0.0004539447706544131,0.0005740931586582964,0.000690216332774618,0.0006366201170856635,0.0008455159369580301,0.001188850390357337,0.001051165736910183,0.001984222415741854,0.0019553935986715842,0.0016397852985535384,-0.000958050626198137,-0.031973933221118855,0,0.03894428826546381,0.05002498954249379,0.1823853778291434
-0.5978807559304569,-0.3048102640328086,-0.11635761582141715,-0.006643792235908713,-0.002256627635630516,-0.002334077929880189,-0.0022222806016071184,-0.0022170604173253378,-0.0022888305597781006,-0.0025766885398162197,-0.002719105293351879,-0.002912920448883421,-0.003321470721169284,-0.0035755734188666188,-0.0038277919416203066,-0.004662470549143245,-0.004837196031125757,-0.0062245427741554945,-0.008506233092450799,-0.013620129839286696,-0.03545911074329133,-0.03894428826546381,0,0.06110569081952377,0.2541059226109832
-0.5745427096212858,-0.2937327834322047,-0.11372657177370794,-0.009366887165089465,-0.005353946750572267,-0.005599167534860388,-0.005686010614425745,-0.00589759981746274,-0.006209954577094478,-0.006757331559795331,-0.00721038110305741,-0.007762317979770117,-0.00857458163920151,-0.009328585158932335,-0.010192002928054025,-0.01171787308294081,-0.01287555242946833,-0.015371400781716874,-0.019026124637865394,-0.025491520084345964,-0.044007970768702144,-0.05002498954249379,-0.06110569081952377,0,0.4471061544024426
-0.5692328531538341,-0.30040119086569333,-0.12888018916592314,-0.030211614176391996,-0.027441557133165782,-0.028836377369996294,-0.03020935193598224,-0.031851044204814494,-0.03376596706617874,-0.03611391974930515,-0.03863150776729921,-0.04155799770459108,-0.0451188793694716,-0.04912654599925145,-0.053883418075492885,-0.06009434878510768,-0.06715437767609012,-0.07704779415610627,-0.09037279626529493,-0.1098144469479653,-0.14478251667713726,-0.1823853778291434,-0.2541059226109832,-0.4471061544024426,0
