0,3.2055919723839,3.2083276673892396,3.222886283234683,3.197380717598515,2.7774084728211035,2.528343036795264
-3.2055919723839,0,3.211063362394579,3.231533438660075,3.194643632670054,2.6703625979304046,2.3928932496775372
-3.2083276673892396,-3.211063362394579,0,3.252003514925571,3.1864337678077908,2.49012900977568,2.1883507214982765
-3.222886283234683,-3.231533438660075,-3.252003514925571,0,3.1208640206900107,2.109191757200734,1.833799790355845
-3.197380717598515,-3.194643632670054,-3.1864337678077908,-3.1208640206900107,0,1.0975194937114576,1.1902676751887622
-2.7774084728211035,-2.6703625979304046,-2.49012900977568,-2.109191757200734,-1.0975194937114576,0,1.2830158566660668
-2.528343036795264,-2.3928932496775372,-2.1883507214982765,-1.833799790355845,-1.1902676751887622,-1.2830158566660668,0
