0,0.4435698248571501,0.44340500258616783,0.4431093179039991,0.4427820726325773,0.4424702845898453,0.44212215084666756
-0.4435698248571501,0,0.4432401803151856,0.44287906442742364,0.4425194885577197,0.44219539952301906,0.441832616044571
-0.44340500258616783,-0.4432401803151856,0,0.44251794853966164,0.44215914267898676,0.4418471392589636,0.4414807249769175
-0.4431093179039991,-0.44287906442742364,-0.44251794853966164,0,0.4418003368183119,0.4415117346186145,0.4411349837893361
-0.4427820726325773,-0.4425194885577197,-0.44215914267898676,-0.4418003368183119,0,0.4412231324189171,0.44080230727484815
-0.4424702845898453,-0.44219539952301906,-0.4418471392589636,-0.4415117346186145,-0.4412231324189171,0,0.4403814821307792
-0.44212215084666756,-0.441832616044571,-0.4414807249769175,-0.4411349837893361,-0.44080230727484815,-0.4403814821307792,0
