0,0.2124384916441299,0.21253522420775095,0.2125769947310702,0.21255548249092315,0.21245608291596674,0.2122556157079459
-0.2124384916441299,0,0.212631956771372,0.21264624627454037,0.21259447943985424,0.21246048073392595,0.21221904052070908
-0.21253522420775095,-0.212631956771372,0,0.21266053577770871,0.21257574077409536,0.21240332205477727,0.21211581145804337
-0.2125769947310702,-0.21264624627454037,-0.21266053577770871,0,0.212490945770482,0.21227471519331154,0.2119342366848216
-0.21255548249092315,-0.21259447943985424,-0.21257574077409536,-0.212490945770482,0,0.21205848461614107,0.21165588214199138
-0.21245608291596674,-0.21246048073392595,-0.21240332205477727,-0.21227471519331154,-0.21205848461614107,0,0.2112532796678417
-0.2122556157079459,-0.21221904052070908,-0.21211581145804337,-0.2119342366848216,-0.21165588214199138,-0.2112532796678417,0
