0,0.21132693286161855,0.21146691262317419,0.21155037352550976,0.211556794407596,0.21145484059236477,0.21119869197780702
-0.21132693286161855,0,0.21160689238472982,0.21166209385745538,0.21163341492292184,0.21148681752505133,0.2111730438010447
-0.21146691262317419,-0.21160689238472982,0,0.2117172953301809,0.21164667619201782,0.21144679257182517,0.21106458165512343
-0.21155037352550976,-0.21166209385745538,-0.2117172953301809,0,0.21157605705385474,0.21131154119264728,0.21084701043010426
-0.211556794407596,-0.21163341492292184,-0.21164667619201782,-0.21157605705385474,0,0.21104702533143982,0.21048248711822903
-0.21145484059236477,-0.21148681752505133,-0.21144679257182517,-0.21131154119264728,-0.21104702533143982,0,0.20991794890501825
-0.21119869197780702,-0.2111730438010447,-0.21106458165512343,-0.21084701043010426,-0.21048248711822903,-0.20991794890501825,0
