0,0.21155803706280757,0.21145013196890394,0.21126041516149174,0.21096976583375318,0.2105493351761576,0.2099573190156346
-0.21155803706280757,0,0.21134222687500032,0.21111160421083383,0.2107736754240684,0.21029715970449508,0.2096371754062
-0.21145013196890394,-0.21134222687500032,0,0.21088098154666735,0.21048939969860242,0.20994880398099336,0.20921091253899993
-0.21126041516149174,-0.21111160421083383,-0.21088098154666735,0,0.2100978178505375,0.20948271519815637,0.20865422286977744
-0.21096976583375318,-0.2107736754240684,-0.21048939969860242,-0.2100978178505375,0,0.20886761254577524,0.20793242537939743
-0.2105493351761576,-0.21029715970449508,-0.20994880398099336,-0.20948271519815637,-0.20886761254577524,0,0.20699723821301963
-0.2099573190156346,-0.2096371754062,-0.20921091253899993,-0.20865422286977744,-0.20793242537939743,-0.20699723821301963,0
