0,0.21027369467778856,0.21037214318019612,0.21044706130642443,0.2105138954043587,0.21059043613684242,0.21069657041967663
-0.21027369467778856,0,0.21047059168260368,0.21053374462074237,0.2105939623132154,0.2106696215016059,0.21078114556805425
-0.21037214318019612,-0.21047059168260368,0,0.21059689755888106,0.21065564762852126,0.21073596477460663,0.21085878403941688
-0.21044706130642443,-0.21053374462074237,-0.21059689755888106,0,0.21071439769816147,0.21080549838246943,0.21094607953292885
-0.2105138954043587,-0.2105939623132154,-0.21065564762852126,-0.21071439769816147,0,0.21089659906677738,0.21106192045031252
-0.21059043613684242,-0.2106696215016059,-0.21073596477460663,-0.21080549838246943,-0.21089659906677738,0,0.21122724183384767
-0.21069657041967663,-0.21078114556805425,-0.21085878403941688,-0.21094607953292885,-0.21106192045031252,-0.21122724183384767,0
