0,6.840239390853859,4.573665060160232,3.126402265305991,2.39519720851867,1.9572564471921452,1.6564427988058654,1.4341079808338357,1.241439588413366,1.1276411534268755,1.0330603072151812,0.9499061044460436,0.9075710385977082
-6.840239390853859,0,2.307090729466606,1.2694837025320571,0.9135164810736068,0.7365107112767169,0.6196834803962668,0.5330860791638318,0.44161104520758127,0.4135663737485026,0.38781818681088365,0.36087277580526206,0.3682375520289672
-4.573665060160232,-2.307090729466606,0,0.23187667559750835,0.21672935687710737,0.21298403854675385,0.19783166812868203,0.17828514910327692,0.13069776449774384,0.14306289436020211,0.14790911897891834,0.1446263365095572,0.17435223428520336
-3.126402265305991,-1.2694837025320571,-0.23187667559750835,0,0.2015820381567064,0.2035377200213766,0.1864833323057399,0.16488726747971905,0.11046198227779094,0.12826059748731775,0.13591375374769119,0.1337200441235633,0.16796062969494724
-2.39519720851867,-0.9135164810736068,-0.21672935687710737,-0.2015820381567064,0,0.2054934018860468,0.17893397938025668,0.1526556772540566,0.08768196830806207,0.11359630935344,0.124969039679522,0.12402547354740001,0.16375795363722734
-1.9572564471921452,-0.7365107112767169,-0.21298403854675385,-0.2035377200213766,-0.2054934018860468,0,0.15237455687446655,0.1262368149380615,0.04841149044873383,0.0906220362202883,0.10886416723821704,0.11044748549095888,0.15779574674453883
-1.6564427988058654,-0.6196834803962668,-0.19783166812868203,-0.1864833323057399,-0.17893397938025668,-0.15237455687446655,0,0.10009907300165644,-0.0035700427641325305,0.07003786266889556,0.09798656982915466,0.10206207121425734,0.1586992783895509
-1.4341079808338357,-0.5330860791638318,-0.17828514910327692,-0.16488726747971905,-0.1526556772540566,-0.1262368149380615,-0.10009907300165644,0,-0.1072391585299215,0.05500725750251512,0.0972824021049874,0.10255282076740757,0.1704193194671298
-1.241439588413366,-0.44161104520758127,-0.13069776449774384,-0.11046198227779094,-0.08768196830806207,-0.04841149044873383,0.0035700427641325305,0.1072391585299215,0,0.21725367353495173,0.19954318242244184,0.17248348053318394,0.2398339389663926
-1.1276411534268755,-0.4135663737485026,-0.14306289436020211,-0.12826059748731775,-0.11359630935344,-0.0906220362202883,-0.07003786266889556,-0.05500725750251512,-0.21725367353495173,0,0.18183269130993196,0.15009838403230003,0.24736069411020623
-1.0330603072151812,-0.38781818681088365,-0.14790911897891834,-0.13591375374769119,-0.124969039679522,-0.10886416723821704,-0.09798656982915466,-0.0972824021049874,-0.19954318242244184,-0.18183269130993196,0,0.11836407675466809,0.28012469551034336
-0.9499061044460436,-0.36087277580526206,-0.1446263365095572,-0.1337200441235633,-0.12402547354740001,-0.11044748549095888,-0.10206207121425734,-0.10255282076740757,-0.17248348053318394,-0.15009838403230003,-0.11836407675466809,0,0.4418853142660186
-0.9075710385977082,-0.3682375520289672,-0.17435223428520336,-0.16796062969494724,-0.16375795363722734,-0.15779574674453883,-0.1586992783895509,-0.1704193194671298,-0.2398339389663926,-0.24736069411020623,-0.28012469551034336,-0.4418853142660186,0
