0,6.834481277246998,4.507581326671297,3.160214637411985,2.404249517552516,1.9489420491159568,1.6354696441954395,1.4299875355420621,1.253474117112904,1.1120860973921216,1.0271953048674674,0.9546158150453717,0.9576425418463516
-6.834481277246998,0,2.1806813760955963,1.3230813174944784,0.9275055976543554,0.7275572420831964,0.5956673175851277,0.5292385785912394,0.4561873799508906,0.39678669991026216,0.38194130793640835,0.36662926882520913,0.4233844749917473
-4.507581326671297,-2.1806813760955963,0,0.46548125889336056,0.3009177084337349,0.24318253074572974,0.19941380295751054,0.198950019090368,0.16877171392677295,0.14194460331235728,0.15709879941650984,0.16506792357294386,0.2476547848813624
-3.160214637411985,-1.3230813174944784,-0.46548125889336056,0,0.1363541579741092,0.13203316667191434,0.11072465097889388,0.13231720913961986,0.10942980493345544,0.08802182738219007,0.11304416234838831,0.1275162566578918,0.2234518433244737
-2.404249517552516,-0.9275055976543554,-0.3009177084337349,-0.1363541579741092,0,0.12771217536971946,0.0979098974812862,0.13097155952812342,0.102698716673292,0.07835536126380624,0.10915916307743483,0.1262536993270036,0.23433905399326926
-1.9489420491159568,-0.7275572420831964,-0.24318253074572974,-0.13203316667191434,-0.12771217536971946,0,0.06810761959285294,0.1326012516073254,0.09436089710781619,0.06601615773732794,0.1054485606189779,0.12601061998655094,0.24957146522520496
-1.6354696441954395,-0.5956673175851277,-0.19941380295751054,-0.11072465097889388,-0.0979098974812862,-0.06810761959285294,0,0.19709488362179783,0.1074875358652978,0.06531900378548627,0.11478379587550913,0.13759122006529054,0.2798154394972636
-1.4299875355420621,-0.5292385785912394,-0.198950019090368,-0.13231720913961986,-0.13097155952812342,-0.1326012516073254,-0.19709488362179783,0,0.017880188108797768,-0.0005689361326695064,0.08734676662674623,0.12271530417616372,0.29635955067235675
-1.253474117112904,-0.4561873799508906,-0.16877171392677295,-0.10942980493345544,-0.102698716673292,-0.09436089710781619,-0.1074875358652978,-0.017880188108797768,0,-0.01901806037413678,0.12208005588572046,0.1576603428652857,0.3659793913132465
-1.1120860973921216,-0.39678669991026216,-0.14194460331235728,-0.08802182738219007,-0.07835536126380624,-0.06601615773732794,-0.06531900378548627,0.0005689361326695064,0.01901806037413678,0,0.2631781721455777,0.24599954448499695,0.49431187520904096
-1.0271953048674674,-0.38194130793640835,-0.15709879941650984,-0.11304416234838831,-0.10915916307743483,-0.1054485606189779,-0.11478379587550913,-0.08734676662674623,-0.12208005588572046,-0.2631781721455777,0,0.2288209168244162,0.6098787267407726
-0.9546158150453717,-0.36662926882520913,-0.16506792357294386,-0.1275162566578918,-0.1262536993270036,-0.12601061998655094,-0.13759122006529054,-0.12271530417616372,-0.1576603428652857,-0.24599954448499695,-0.2288209168244162,0,0.990936536657129
-0.9576425418463516,-0.4233844749917473,-0.2476547848813624,-0.2234518433244737,-0.23433905399326926,-0.24957146522520496,-0.2798154394972636,-0.29635955067235675,-0.3659793913132465,-0.49431187520904096,-0.6098787267407726,-0.990936536657129,0
