0,6.624128459967005,4.576361747852055,3.1477530540001193,2.405692438733325,1.9477171843087207,1.6532930320771209,1.4216440971263047,1.2636210438136057,1.1262739937888973,1.058720907871542,0.9843051754485302,0.9199104858665956
-6.624128459967005,0,2.528595035737106,1.4095653510166763,0.9995470983220983,0.7786143653941495,0.659125946499144,0.5545633699861882,0.4978342700774059,0.4390421855166339,0.4403422909720463,0.4203228469966828,0.4013452154938312
-4.576361747852055,-2.528595035737106,0,0.29053566629624683,0.2350231296145946,0.19528747527983073,0.19175867418965353,0.15975703683600456,0.15937414246745588,0.14053463548513787,0.17931069787641385,0.18607038158108027,0.18862023346950368
-3.1477530540001193,-1.4095653510166763,-0.29053566629624683,0,0.17951059293294236,0.1476633797716227,0.15883301015412243,0.127062379470944,0.13314183770169769,0.11553446368328639,0.16342141667358057,0.17301222099168445,0.17729629648875445
-2.405692438733325,-0.9995470983220983,-0.2350231296145946,-0.17951059293294236,0,0.11581616661030303,0.14849421876471247,0.10957964165027789,0.12154964889388653,0.10273923783335519,0.16073988729702027,0.17208388214293333,0.17701950943323097
-1.9477171843087207,-0.7786143653941495,-0.19528747527983073,-0.1476633797716227,-0.11581616661030303,0,0.1811722709191219,0.10646137917026532,0.12346080965508104,0.09947000563911823,0.16972463143436373,0.18146183473170505,0.1857628441222207
-1.6532930320771209,-0.659125946499144,-0.19175867418965353,-0.15883301015412243,-0.14849421876471247,-0.1811722709191219,0,0.031750487421408735,0.09460507902306059,0.07223591721245033,0.16686272156317417,0.18151974749422167,0.18652793965607048
-1.4216440971263047,-0.5545633699861882,-0.15975703683600456,-0.127062379470944,-0.10957964165027789,-0.10646137917026532,-0.031750487421408735,0,0.15745967062471244,0.09247863210797114,0.21190013294376264,0.2189620625124249,0.2174834301030028
-1.2636210438136057,-0.4978342700774059,-0.15937414246745588,-0.13314183770169769,-0.12154964889388653,-0.12346080965508104,-0.09460507902306059,-0.15745967062471244,0,0.02749759359122983,0.23912036410328774,0.23946285980832904,0.2324893699725754
-1.1262739937888973,-0.4390421855166339,-0.14053463548513787,-0.11553446368328639,-0.10273923783335519,-0.09947000563911823,-0.07223591721245033,-0.09247863210797114,-0.02749759359122983,0,0.45074313461534565,0.34544549291687865,0.3008199620996906
-1.058720907871542,-0.4403422909720463,-0.17931069787641385,-0.16342141667358057,-0.16073988729702027,-0.16972463143436373,-0.16686272156317417,-0.21190013294376264,-0.23912036410328774,-0.45074313461534565,0,0.24014785121841165,0.22585837584186308
-0.9843051754485302,-0.4203228469966828,-0.18607038158108027,-0.17301222099168445,-0.17208388214293333,-0.18146183473170505,-0.18151974749422167,-0.2189620625124249,-0.23946285980832904,-0.34544549291687865,-0.24014785121841165,0,0.2115689004653145
-0.9199104858665956,-0.4013452154938312,-0.18862023346950368,-0.17729629648875445,-0.17701950943323097,-0.1857628441222207,-0.18652793965607048,-0.2174834301030028,-0.2324893699725754,-0.3008199620996906,-0.22585837584186308,-0.2115689004653145,0
