0,7.173049961199373,4.444606043446875,3.155784725674419,2.4172159749686006,1.9632152478470783,1.6497646049052204,1.422021013176151,1.2770740190860055,1.1403366112343443,1.0596131238052797,0.9393435144412187,0.9404165410398838
-7.173049961199373,0,1.7161621256943764,1.1471521079119418,0.8319379795583431,0.6607565695090045,0.5451075336463898,0.46351618850561405,0.4347917416412387,0.3862474424887157,0.38034236409482486,0.3159728697654032,0.37381350284356657
-4.444606043446875,-1.7161621256943764,0,0.5781420901295071,0.38982590649032645,0.30895471744721387,0.25234388563439314,0.21298700106786156,0.2212300109657157,0.1962596306021927,0.2133648938948809,0.16039628577329504,0.23957864055848557
-3.155784725674419,-1.1471521079119418,-0.5781420901295071,0,0.20150972285114577,0.17436103110606727,0.1437444841360218,0.12169822880245018,0.14984759513295742,0.13261255401430697,0.16125386586136287,0.10817806022876852,0.20196047949503873
-2.4172159749686006,-0.8319379795583431,-0.38982590649032645,-0.20150972285114577,0,0.14721233936098876,0.11486186477845983,0.09509439745288499,0.13693206320341034,0.11883312024693922,0.15454455636306572,0.09484496556842892,0.20201682407552535
-1.9632152478470783,-0.6607565695090045,-0.30895471744721387,-0.17436103110606727,-0.14721233936098876,0,0.0825113901959309,0.0690354264988331,0.13350530448421752,0.11173831546842683,0.1560109997634811,0.08611706993633561,0.209846036177602
-1.6497646049052204,-0.5451075336463898,-0.25234388563439314,-0.1437444841360218,-0.11486186477845983,-0.0825113901959309,0,0.05555946280173529,0.15900226162836084,0.12148062389259214,0.17438590215536864,0.08683820588441656,0.23106847717454718
-1.422021013176151,-0.46351618850561405,-0.21298700106786156,-0.12169822880245018,-0.09509439745288499,-0.0690354264988331,-0.05555946280173529,0,0.2624450604549864,0.15444120443802056,0.21399471527324643,0.09465789165508687,0.2661702800491096
-1.2770740190860055,-0.4347917416412387,-0.2212300109657157,-0.14984759513295742,-0.13693206320341034,-0.13350530448421752,-0.15900226162836084,-0.2624450604549864,0,0.046437348421054736,0.18976954268237645,0.038728835388453696,0.26710158494764036
-1.1403366112343443,-0.3862474424887157,-0.1962596306021927,-0.13261255401430697,-0.11883312024693922,-0.11173831546842683,-0.12148062389259214,-0.15444120443802056,-0.046437348421054736,0,0.33310173694369816,0.03487457887215317,0.34065633045650223
-1.0596131238052797,-0.38034236409482486,-0.2133648938948809,-0.16125386586136287,-0.15454455636306572,-0.1560109997634811,-0.17438590215536864,-0.21399471527324643,-0.18976954268237645,-0.33310173694369816,0,-0.2633525791993918,0.34443362721290427
-0.9393435144412187,-0.3159728697654032,-0.16039628577329504,-0.10817806022876852,-0.09484496556842892,-0.08611706993633561,-0.08683820588441656,-0.09465789165508687,-0.038728835388453696,-0.03487457887215317,0.2633525791993918,0,0.9522198336252004
-0.9404165410398838,-0.37381350284356657,-0.23957864055848557,-0.20196047949503873,-0.20201682407552535,-0.209846036177602,-0.23106847717454718,-0.2661702800491096,-0.26710158494764036,-0.34065633045650223,-0.34443362721290427,-0.9522198336252004,0
