0,6.93506753815233,4.561905752354491,3.156368385824998,2.4171955750381064,1.9737670778182275,1.6411673759940293,1.4172413797057926,1.2644845716000606,1.1429063134693012,1.0783791430912792,1.0061455572412326,0.9738407569982849
-6.93506753815233,0,2.188743966556652,1.267018809661332,0.911238254000032,0.7334419627347017,0.5823873435623692,0.4976036866313696,0.4544012906640221,0.41888616038392246,0.4276359880844958,0.4132533591501229,0.43191104962064436
-4.561905752354491,-2.188743966556652,0,0.34529365276601176,0.27248539772172187,0.24834129479405162,0.18079818781379853,0.15937563064631313,0.1653441780152504,0.16604933093067537,0.2074974907754763,0.21597662499384185,0.2562277579270436
-3.156368385824998,-1.267018809661332,-0.34529365276601176,0,0.19967714267743197,0.19986511580807154,0.12596636616306078,0.11289612511638847,0.12935428306509814,0.13617527729145262,0.18781232477682838,0.19981199652232062,0.24633154738938046
-2.4171955750381064,-0.911238254000032,-0.27248539772172187,-0.19967714267743197,0,0.2000530889387111,0.08911097790587519,0.0839691192627073,0.11177356816201467,0.12347490421425675,0.1858348551267278,0.19983126135730472,0.25216334797837403
-1.9737670778182275,-0.7334419627347017,-0.24834129479405162,-0.19986511580807154,-0.2000530889387111,0,-0.021831133126960722,0.0259271344247054,0.08234706123644919,0.10433035803314317,0.1829912083643311,0.19979429009373698,0.25960767069832585
-1.6411673759940293,-0.5823873435623692,-0.18079818781379853,-0.12596636616306078,-0.08911097790587519,0.021831133126960722,0,0.07368540197637152,0.13443615841815415,0.14638418841984446,0.23419679373715407,0.24411937473787654,0.3065141380025403
-1.4172413797057926,-0.4976036866313696,-0.15937563064631313,-0.11289612511638847,-0.0839691192627073,-0.0259271344247054,-0.07368540197637152,0,0.19518691485993678,0.18273358164158093,0.28770059099074824,0.2867278679282528,0.35307988520777406
-1.2644845716000606,-0.4544012906640221,-0.1653441780152504,-0.12935428306509814,-0.11177356816201467,-0.08234706123644919,-0.13443615841815415,-0.19518691485993678,0,0.1702802484232251,0.333957429056154,0.31724151895102476,0.3925531277947334
-1.1429063134693012,-0.41888616038392246,-0.16604933093067537,-0.13617527729145262,-0.12347490421425675,-0.10433035803314317,-0.14638418841984446,-0.18273358164158093,-0.1702802484232251,0,0.4976346096890829,0.3907221542149246,0.4666440875852362
-1.0783791430912792,-0.4276359880844958,-0.2074974907754763,-0.18781232477682838,-0.1858348551267278,-0.1829912083643311,-0.23419679373715407,-0.28770059099074824,-0.333957429056154,-0.4976346096890829,0,0.28380969874076634,0.4511488265333128
-1.0061455572412326,-0.4132533591501229,-0.21597662499384185,-0.19981199652232062,-0.19983126135730472,-0.19979429009373698,-0.24411937473787654,-0.2867278679282528,-0.31724151895102476,-0.3907221542149246,-0.28380969874076634,0,0.6184879543258592
-0.9738407569982849,-0.43191104962064436,-0.2562277579270436,-0.24633154738938046,-0.25216334797837403,-0.25960767069832585,-0.3065141380025403,-0.35307988520777406,-0.3925531277947334,-0.4666440875852362,-0.4511488265333128,-0.6184879543258592,0
