0,-9.704060527839236,-9.668114114430063,-9.619951069002015,-9.598489840834324,-9.592963127495906,-9.595315318363975,-9.599132919265646,-9.605530254227837,-9.612365908596773,-9.618794928531324,-9.6238334646292,-9.630229725155553,-9.631797227157644,-9.649169806904151
-9.704060527839236,0,-9.436111950394578,-9.285703105043428,-9.260650166466274,-9.282519855003061,-9.319252765709969,-9.350829276699852,-9.384058111724377,-9.413967817387721,-9.439398900118253,-9.458513189506498,-9.47971786816996,-9.48656996631696,-9.535138117904175
-9.668114114430063,-9.436111950394578,0,-8.732514926814291,-8.884531296229579,-9.066077593381461,-9.234899694391107,-9.353153225031258,-9.461844309048274,-9.550925895737826,-9.621114091546557,-9.669673833931723,-9.725235271121111,-9.73602676432702,-9.884181855737026
-9.619951069002015,-9.285703105043428,-8.732514926814291,0,-9.385062625001366,-9.744564081493307,-10.001552017192768,-10.107991058648718,-10.213700548887495,-10.285692812507195,-10.330159886578576,-10.344999975946932,-10.387387011759882,-10.352844434680602,-10.584309217662781
-9.598489840834324,-9.260650166466274,-8.884531296229579,-9.385062625001366,0,-10.47944260223834,-10.652436784859916,-10.6030753724574,-10.652819677365068,-10.675054991127954,-10.674767838137889,-10.644944943093241,-10.673501265862814,-10.589155538284926,-10.921360673034693
-9.592963127495906,-9.282519855003061,-9.066077593381461,-9.744564081493307,-10.47944260223834,0,-10.907246290431065,-10.651128803901026,-10.72259457506696,-10.738458134785606,-10.722330745069154,-10.666645031842343,-10.706441506703225,-10.57751346505889,-11.063413523955344
-9.595315318363975,-9.319252765709969,-9.234899694391107,-10.001552017192768,-10.652436784859916,-10.907246290431065,0,-10.288569239665918,-10.654745411736966,-10.712763244382451,-10.694256458816694,-10.613008162543109,-10.684400964354117,-10.49634210597029,-11.218157649018583
-9.599132919265646,-9.350829276699852,-9.353153225031258,-10.107991058648718,-10.6030753724574,-10.651128803901026,-10.288569239665918,0,-11.152816266146159,-10.9523190949778,-10.815407578059828,-10.64431082370547,-10.747868616194545,-10.452355622104184,-11.527288194276752
-9.605530254227837,-9.384058111724377,-9.461844309048274,-10.213700548887495,-10.652819677365068,-10.72259457506696,-10.654745411736966,-11.152816266146159,0,-10.698843690821155,-10.59495103782242,-10.391980709848715,-10.641386031438529,-10.208004061372685,-11.886347160179701
-9.612365908596773,-9.413967817387721,-9.550925895737826,-10.285692812507195,-10.675054991127954,-10.738458134785606,-10.712763244382451,-10.9523190949778,-10.698843690821155,0,-10.458565799230609,-10.145766140062943,-10.691722319843745,-9.964121029534205,-12.668569872518296
-9.618794928531324,-9.439398900118253,-9.621114091546557,-10.330159886578576,-10.674767838137889,-10.722330745069154,-10.694256458816694,-10.815407578059828,-10.59495103782242,-10.458565799230609,0,-9.713479658396647,-11.050332664748028,-9.621644958993732,-14.145281888572582
-9.6238334646292,-9.458513189506498,-9.669673833931723,-10.344999975946932,-10.644944943093241,-10.666645031842343,-10.613008162543109,-10.64431082370547,-10.391980709848715,-10.145766140062943,-9.713479658396647,0,-12.663193549809908,-8.978390759681512,-16.847459964529367
-9.630229725155553,-9.47971786816996,-9.725235271121111,-10.387387011759882,-10.673501265862814,-10.706441506703225,-10.684400964354117,-10.747868616194545,-10.641386031438529,-10.691722319843745,-11.050332664748028,-12.663193549809908,0,-2.906879528561471,-21.106426594863382
-9.631797227157644,-9.48656996631696,-9.73602676432702,-10.352844434680602,-10.589155538284926,-10.57751346505889,-10.49634210597029,-10.452355622104184,-10.208004061372685,-9.964121029534205,-9.621644958993732,-8.978390759681512,-2.906879528561471,0,-31.854450999952046
-9.649169806904151,-9.535138117904175,-9.884181855737026,-10.584309217662781,-10.921360673034693,-11.063413523955344,-11.218157649018583,-11.527288194276752,-11.886347160179701,-12.668569872518296,-14.145281888572582,-16.847459964529367,-21.106426594863382,-31.854450999952046,0
