0,-2.721371456233864e-08,-0.06445249040792907,-0.2344641175167852,-0.2696882076406604,-0.27734919773930866,-0.2758956713468238,-0.27076766558847437,-0.26482788873186897,-0.25885458593638616,-0.2537735436124063,-0.24757010841575597,-0.24329850012826118,-0.23821610375358054,-0.2398102878469716
-2.721371456233864e-08,0,-0.13490105858319273,-0.4171167345207281,-0.42370273977877104,-0.40482688548020007,-0.38317539169898523,-0.3625232470981848,-0.3447561644558573,-0.32956678649894905,-0.31755675350544516,-0.3048609205729084,-0.2960389802909063,-0.28646467114290347,-0.2879732541951681
-0.06445249040792907,-0.13490105858319273,0,-0.987452242622466,-0.727514278737092,-0.5839354013093975,-0.4906929665736256,-0.42323663556540875,-0.37371097889593785,-0.33579941284101744,-0.30808682675502364,-0.2802120024419791,-0.26192485214964467,-0.24208683563982145,-0.2474130343265357
-0.2344641175167852,-0.4171167345207281,-0.987452242622466,0,-0.12030181029072855,-0.1291640412678061,-0.12649159285728317,-0.11885872056319521,-0.11352425987454977,-0.10891513306559761,-0.10754173240548771,-0.09850624638128062,-0.09754448052990292,-0.09067570167342472,-0.11092363162606234
-0.2696882076406604,-0.42370273977877104,-0.727514278737092,-0.12030181029072855,0,-0.13970511034416055,-0.12811186002569377,-0.11484153579270144,-0.10813551588775402,-0.10300943739595801,-0.1025053772918863,-0.09128646867428662,-0.09131607038991812,-0.08339522999175403,-0.11012090639188868
-0.27734919773930866,-0.40482688548020007,-0.5839354013093975,-0.1291640412678061,-0.13970511034416055,0,-0.11436824891761702,-0.09920342740944639,-0.09566500267990495,-0.09246555060019887,-0.09482039534241461,-0.08120954389625504,-0.08339715942545947,-0.07450244368405522,-0.11003823908808494
-0.2758956713468238,-0.38317539169898523,-0.4906929665736256,-0.12649159285728317,-0.12811186002569377,-0.11436824891761702,0,-0.08190916940110164,-0.0868043072697532,-0.08585440176722686,-0.09176605791958,-0.0733292204386876,-0.07831927774222854,-0.06761306703187012,-0.11478479689125523
-0.27076766558847437,-0.3625232470981848,-0.42323663556540875,-0.11885872056319521,-0.11484153579270144,-0.09920342740944639,-0.08190916940110164,0,-0.09230245733077179,-0.08706525107502876,-0.09593457210698936,-0.066947113852162,-0.07595363737222618,-0.06200844803188249,-0.1253282961953402
-0.26482788873186897,-0.3447561644558573,-0.37371097889593785,-0.11352425987454977,-0.10813551588775402,-0.09566500267990495,-0.0868043072697532,-0.09230245733077179,0,-0.08118451141061821,-0.10071428189572762,-0.05230182026451418,-0.07116458506406328,-0.05309463952368341,-0.1406985515916776
-0.25885458593638616,-0.32956678649894905,-0.33579941284101744,-0.10891513306559761,-0.10300943739595801,-0.09246555060019887,-0.08585440176722686,-0.08706525107502876,-0.08118451141061821,0,-0.12308702389651702,-0.02323387519226088,-0.06695880871490552,-0.04217297757651452,-0.1674168434818998
-0.2537735436124063,-0.31755675350544516,-0.30808682675502364,-0.10754173240548771,-0.1025053772918863,-0.09482039534241461,-0.09176605791958,-0.09593457210698936,-0.10071428189572762,-0.12308702389651702,0,0.07960511203424521,-0.061941904384458416,-0.026092910518266014,-0.21423799114561606
-0.24757010841575597,-0.3048609205729084,-0.2802120024419791,-0.09850624638128062,-0.09128646867428662,-0.08120954389625504,-0.0733292204386876,-0.066947113852162,-0.05230182026451418,-0.02323387519226088,0.07960511203424521,0,-0.21667368057654116,-0.05277779786477404,-0.3486544545440347
-0.24329850012826118,-0.2960389802909063,-0.26192485214964467,-0.09754448052990292,-0.09131607038991812,-0.08339715942545947,-0.07831927774222854,-0.07595363737222618,-0.07116458506406328,-0.06695880871490552,-0.061941904384458416,-0.21667368057654116,0,0.12208285856525768,-0.5302063065767327
-0.23821610375358054,-0.28646467114290347,-0.24208683563982145,-0.09067570167342472,-0.08339522999175403,-0.07450244368405522,-0.06761306703187012,-0.06200844803188249,-0.05309463952368341,-0.04217297757651452,-0.026092910518266014,-0.05277779786477404,0.12208285856525768,0,-6.826422873338912
-0.2398102878469716,-0.2879732541951681,-0.2474130343265357,-0.11092363162606234,-0.11012090639188868,-0.11003823908808494,-0.11478479689125523,-0.1253282961953402,-0.1406985515916776,-0.1674168434818998,-0.21423799114561606,-0.3486544545440347,-0.5302063065767327,-6.826422873338912,0
