0,-9.704060527839236,-9.666446918371811,-9.611956754930493,-9.598568517501967,-9.595798118987304,-9.599618837522675,-9.604664661075653,-9.611149628796918,-9.618563141288453,-9.625732140349838,-9.63144237344304,-9.638411601926547,-9.643567193126808,-9.64139106650595
-9.704060527839236,0,-9.420162907779488,-9.225860132125813,-9.241714489186398,-9.276976139552644,-9.320886008218576,-9.357927073970211,-9.392486948662263,-9.425056521680574,-9.453438299754357,-9.475085138642784,-9.498632582907225,-9.515809822480643,-9.511780232644794
-9.666446918371811,-9.420162907779488,0,-8.433187407759155,-8.86539615825203,-9.111999586310748,-9.307451809130471,-9.439410266604693,-9.545910816888709,-9.637060107376811,-9.709977439756038,-9.759995092464576,-9.816614116292097,-9.853977138424455,-9.827782912550235
-9.611956754930493,-9.225860132125813,-8.433187407759155,0,-10.26234988069299,-10.270130177678084,-10.367159227418956,-10.39147973928888,-10.425099455853722,-10.463917775482411,-10.489769303126641,-10.491373114147123,-10.522229730134116,-10.527151736890012,-10.43293509047595
-9.598568517501967,-9.241714489186398,-8.86539615825203,-10.26234988069299,0,-10.283776473164012,-10.494236274643013,-10.490689456976021,-10.522938048075316,-10.567547363251737,-10.590842101954436,-10.577771369200944,-10.614833793767435,-10.612047773706172,-10.463729647357773
-9.595798118987304,-9.276976139552644,-9.111999586310748,-10.270130177678084,-10.283776473164012,0,-10.81448264519323,-10.612341148543683,-10.62194886244922,-10.668331738466481,-10.681723580555884,-10.643316593438911,-10.689445650558564,-10.675074976728004,-10.452145774183771
-9.599618837522675,-9.320886008218576,-9.307451809130471,-10.367159227418956,-10.494236274643013,-10.81448264519323,0,-10.325117213564011,-10.519548702673536,-10.647554680511023,-10.676788042058117,-10.616858473980683,-10.69292307712387,-10.670955537038745,-10.347571419068462
-9.604664661075653,-9.357927073970211,-9.439410266604693,-10.39147973928888,-10.490689456976021,-10.612341148543683,-10.325117213564011,0,-10.790866784870138,-10.872942313058232,-10.824744775968899,-10.678583503742393,-10.78165381222079,-10.730052271221835,-10.248853293569782
-9.611149628796918,-9.392486948662263,-9.545910816888709,-10.425099455853722,-10.522938048075316,-10.62194886244922,-10.519548702673536,-10.790866784870138,0,-10.978048041825945,-10.820642491327686,-10.570901094668665,-10.77223091481313,-10.695473110066136,-9.986960657246792
-9.618563141288453,-9.425056521680574,-9.637060107376811,-10.463917775482411,-10.567547363251737,-10.668331738466481,-10.647554680511023,-10.872942313058232,-10.978048041825945,0,-10.62089824149296,-10.264264431139674,-10.74754095340341,-10.632407388061859,-9.552740004064834
-9.625732140349838,-9.453438299754357,-9.709977439756038,-10.489769303126641,-10.590842101954436,-10.681723580555884,-10.676788042058117,-10.824744775968899,-10.820642491327686,-10.62089824149296,0,-9.78058994997636,-11.021130628404695,-10.69864192947033,-8.926445387130252
-9.63144237344304,-9.475085138642784,-9.759995092464576,-10.491373114147123,-10.577771369200944,-10.643316593438911,-10.616858473980683,-10.678583503742393,-10.570901094668665,-10.264264431139674,-9.78058994997636,0,-12.51832477273553,-10.974640978220886,-7.816243017964521
-9.638411601926547,-9.498632582907225,-9.816614116292097,-10.522229730134116,-10.614833793767435,-10.689445650558564,-10.69292307712387,-10.78165381222079,-10.77223091481313,-10.74754095340341,-11.021130628404695,-12.51832477273553,0,-9.101896404242932,-3.3029229445598163
-9.643567193126808,-9.515809822480643,-9.853977138424455,-10.527151736890012,-10.612047773706172,-10.675074976728004,-10.670955537038745,-10.730052271221835,-10.695473110066136,-10.632407388061859,-10.69864192947033,-10.974640978220886,-9.101896404242932,0,157.99977971750118
-9.64139106650595,-9.511780232644794,-9.827782912550235,-10.43293509047595,-10.463729647357773,-10.452145774183771,-10.347571419068462,-10.248853293569782,-9.986960657246792,-9.552740004064834,-8.926445387130252,-7.816243017964521,-3.3029229445598163,157.99977971750118,0
