0,6.103515625e-05,4.9597304240305644e-05,3.971194223464325e-05,3.385054858237178e-05,2.993047481641134e-05,2.7285340980087357e-05,2.5179780879597987e-05,2.3478332305613132e-05,2.2078092425534685e-05,2.091345181042687e-05,1.9853902941211988e-05,1.902785582420239e-05,1.795140658078219e-05,1.6985363189588685e-05
6.103515625e-05,0,6.103515625e-05,6.190220827787982e-05,6.21235797882662e-05,6.214774600251589e-05,6.197955465152382e-05,6.183664161601956e-05,6.169635027860193e-05,6.155296725487817e-05,6.139951324995943e-05,6.130322012413701e-05,6.112320916658446e-05,6.127733570214736e-05,6.142396692351115e-05
4.9597304240305644e-05,6.103515625e-05,0,0.00011572530493628608,9.678331218188065e-05,8.659212034417206e-05,7.775192394361614e-05,7.283704117822243e-05,6.949448408062018e-05,6.69529197248046e-05,6.482378481942493e-05,6.362138314630892e-05,6.182604715894247e-05,6.313423555749022e-05,6.430995985971376e-05
3.971194223464325e-05,6.190220827787982e-05,0.00011572530493628608,0,4.340825924191134e-05,4.1339874817454193e-05,3.59180093843813e-05,3.5288694974683106e-05,3.5242349886374796e-05,3.5194166645064456e-05,3.496664485040174e-05,3.5581340421481034e-05,3.4864227041916114e-05,3.8499042034061465e-05,4.160555224601589e-05
3.385054858237178e-05,6.21235797882662e-05,9.678331218188065e-05,4.340825924191134e-05,0,3.701067609317444e-05,2.72113340929636e-05,2.913712437808901e-05,3.067597215540691e-05,3.152172789914948e-05,3.1725454502520064e-05,3.3225434322240364e-05,3.228090485681326e-05,3.876640547256586e-05,4.433028408947199e-05
2.993047481641134e-05,6.214774600251589e-05,8.659212034417206e-05,4.1339874817454193e-05,3.701067609317444e-05,0,1.6047877167161393e-05,2.5644625642896425e-05,2.993403720411314e-05,3.172738783452715e-05,3.2046601566942654e-05,3.462556549456799e-05,3.2798904647703435e-05,4.4053582356050156e-05,5.387114893229197e-05
2.7285340980087357e-05,6.197955465152382e-05,7.775192394361614e-05,3.59180093843813e-05,2.72113340929636e-05,1.6047877167161393e-05,0,5.282191325693296e-05,4.7752681914423304e-05,4.4090076840880657e-05,4.0582313463729066e-05,4.375613782414926e-05,3.827575181345429e-05,5.966963445850819e-05,7.870039678164267e-05
2.5179780879597987e-05,6.183664161601956e-05,7.283704117822243e-05,3.5288694974683106e-05,2.913712437808901e-05,2.5644625642896425e-05,5.282191325693296e-05,0,4.095145878225115e-05,3.808152006682093e-05,3.473040040745631e-05,4.15844550595295e-05,3.378585102924854e-05,6.99175839406655e-05,0.00010473584168619732
2.3478332305613132e-05,6.169635027860193e-05,6.949448408062018e-05,3.5242349886374796e-05,3.067597215540691e-05,2.993403720411314e-05,4.7752681914423304e-05,4.095145878225115e-05,0,3.43737815111521e-05,3.04760460261089e-05,4.454103854950248e-05,3.07714759954838e-05,0.00010023287829098437,0.00017586595937512146
2.2078092425534685e-05,6.155296725487817e-05,6.69529197248046e-05,3.5194166645064456e-05,3.152172789914948e-05,3.172738783452715e-05,4.4090076840880657e-05,3.808152006682093e-05,3.43737815111521e-05,0,2.5966472612524272e-05,6.013254945029745e-05,2.7521614738800357e-05,0.00019870154847220726,0.00041942024735558224
2.091345181042687e-05,6.139951324995943e-05,6.482378481942493e-05,3.496664485040174e-05,3.1725454502520064e-05,3.2046601566942654e-05,4.0582313463729066e-05,3.473040040745631e-05,3.04760460261089e-05,2.5966472612524272e-05,0,0.00018629319759520666,2.009607313618218e-05,0.0007364923935082922,0.00181942291733267
1.9853902941211988e-05,6.130322012413701e-05,6.362138314630892e-05,3.5581340421481034e-05,3.3225434322240364e-05,3.462556549456799e-05,4.375613782414926e-05,4.15844550595295e-05,4.454103854950248e-05,6.013254945029745e-05,0.00018629319759520666,0,1.3023417584375256e-06,0.007014926988500204,0.016775711577322727
1.902785582420239e-05,6.112320916658446e-05,6.182604715894247e-05,3.4864227041916114e-05,3.228090485681326e-05,3.2798904647703435e-05,3.827575181345429e-05,3.378585102924854e-05,3.07714759954838e-05,2.7521614738800357e-05,2.009607313618218e-05,1.3023417584375256e-06,0,14867.04117868209,48.955536566063
1.795140658078219e-05,6.127733570214736e-05,6.313423555749022e-05,3.8499042034061465e-05,3.876640547256586e-05,4.4053582356050156e-05,5.966963445850819e-05,6.99175839406655e-05,0.00010023287829098437,0.00019870154847220726,0.0007364923935082922,0.007014926988500204,14867.04117868209,0,0.0004304434205299031
1.6985363189588685e-05,6.142396692351115e-05,6.430995985971376e-05,4.160555224601589e-05,4.433028408947199e-05,5.387114893229197e-05,7.870039678164267e-05,0.00010473584168619732,0.00017586595937512146,0.00041942024735558224,0.00181942291733267,0.016775711577322727,48.955536566063,0.0004304434205299031,0
