0,1.0,2.7266899484900746e-07,1.4362956490267272e-07,1.4869770826722968e-07,9.025286221139378e-09,4.397044862729423e-08,4.59642385748306e-09,4.5767829697500826e-08,1.0133489525341212e-08,3.2169457329680124e-08,2.835872851466486e-08,5.962372610035332e-09,3.9584481885516e-08,2.86765436406227e-08
1.0,0,-0.5522764921176968,-0.819436504578809,-0.8621149783448842,-0.8697219381723197,-0.8643739372993035,-0.8557670404382383,-0.8472517459873358,-0.8444128979042363,-0.8370914215503285,-0.830635393297479,-0.8214371669855051,-0.8384987384977208,-0.8568177672808357
2.7266899484900746e-07,-0.5522764921176968,0,-1.8310383995545647,-1.486601104783698,-1.3066229228518094,-1.183123193031113,-1.0959325353356293,-1.0335488544870175,-1.0015983247974856,-0.9642241745792549,-0.9347850103703758,-0.9017794263833919,-0.9399589032277105,-0.979806577098463
1.4362956490267272e-07,-0.819436504578809,-1.8310383995545647,0,-0.5301592713898696,-0.5502235749609173,-0.5301408067467936,-0.5179693630186162,-0.5153595398341116,-0.5462036044589539,-0.5420236775243007,-0.5410330939472024,-0.5244478665043654,-0.6313676889565865,-0.7259106863569691
1.4869770826722968e-07,-0.8621149783448842,-1.486601104783698,-0.5301592713898696,0,-0.5840014869210556,-0.5191020890432579,-0.4996435215434651,-0.5006064714053872,-0.5577536772233187,-0.5485265397301188,-0.5458576248791521,-0.5190036356472639,-0.6842303692252037,-0.8218601822744701
9.025286221139378e-09,-0.8697219381723197,-1.3066229228518094,-0.5502235749609173,-0.5840014869210556,0,-0.42177776128902617,-0.4415190434550974,-0.4683237275016613,-0.5770253091168985,-0.5571202533073569,-0.5511453416177343,-0.5090559453445774,-0.7568101421040073,-0.9498738666499935
4.397044862729423e-08,-0.8643739372993035,-1.183123193031113,-0.5301408067467936,-0.5191020890432579,-0.42177776128902617,0,-0.4687541990769876,-0.5049494390857917,-0.6834455872629579,-0.6160104268148968,-0.5912495127172772,-0.5181044173868863,-0.8838073439260095,-1.1478312751410518
4.59642385748306e-09,-0.8557670404382383,-1.0959325353356293,-0.5179693630186162,-0.4996435215434651,-0.4415190434550974,-0.4687541990769876,0,-0.5532124866751724,-0.8736839409182482,-0.6718240291613433,-0.6122058288367572,-0.4922066794742989,-1.045872563374808,-1.4083423971416176
4.5767829697500826e-08,-0.8472517459873358,-1.0335488544870175,-0.5153595398341116,-0.5006064714053872,-0.4683237275016613,-0.5049494390857917,-0.5532124866751724,0,-1.313590869689529,-0.6415261486985295,-0.5514336543198565,-0.3796801571449436,-1.2552862011372035,-1.7590638689420481
1.0133489525341212e-08,-0.8444128979042363,-1.0015983247974856,-0.5462036044589539,-0.5577536772233187,-0.5770253091168985,-0.6834455872629579,-0.8736839409182482,-1.313590869689529,0,0.21111515234902364,-0.1694998933999641,-0.06165671028870452,-1.5305393952276805,-2.2406245421130353
3.2169457329680124e-08,-0.8370914215503285,-0.9642241745792549,-0.5420236775243007,-0.5485265397301188,-0.5571202533073569,-0.6160104268148968,-0.6718240291613433,-0.6415261486985295,0.21111515234902364,0,-0.6150044751865967,-0.13329223164619278,-2.563691520394332,-3.4813823817546523
2.835872851466486e-08,-0.830635393297479,-0.9347850103703758,-0.5410330939472024,-0.5458576248791521,-0.5511453416177343,-0.5912495127172772,-0.6122058288367572,-0.5514336543198565,-0.1694998933999641,-0.6150044751865967,0,0.4188901022625958,-4.599093943373046,-5.751495895286869
5.962372610035332e-09,-0.8214371669855051,-0.9017794263833919,-0.5244478665043654,-0.5190036356472639,-0.5090559453445774,-0.5181044173868863,-0.4922066794742989,-0.3796801571449436,-0.06165671028870452,-0.13329223164619278,0.4188901022625958,0,0,0
3.9584481885516e-08,-0.8384987384977208,-0.9399589032277105,-0.6313676889565865,-0.6842303692252037,-0.7568101421040073,-0.8838073439260095,-1.045872563374808,-1.2552862011372035,-1.5305393952276805,-2.563691520394332,-4.599093943373046,0,0,-11.116339598063467
2.86765436406227e-08,-0.8568177672808357,-0.979806577098463,-0.7259106863569691,-0.8218601822744701,-0.9498738666499935,-1.1478312751410518,-1.4083423971416176,-1.7590638689420481,-2.2406245421130353,-3.4813823817546523,-5.751495895286869,0,-11.116339598063467,0
