0,-9.704060527839236,-9.662990129901484,-9.61269388743054,-9.599540471486115,-9.596495309223032,-9.600524429899846,-9.606432185575901,-9.61266567515916,-9.61966903926139,-9.62613439764095,-9.633061162244314,-9.642315833765071,-9.646444191167054,-9.648805656151147
-9.704060527839236,0,-9.385639890637794,-9.218647442760126,-9.235916089343636,-9.27008661655926,-9.315100134049633,-9.355541997036177,-9.389632243091713,-9.421219509013884,-9.447686029702057,-9.473136458219185,-9.503810244576812,-9.51843734694394,-9.527061650638212
-9.662990129901484,-9.385639890637794,0,-8.529036112514905,-8.92214863564898,-9.147163488392989,-9.339970938467786,-9.480376529891783,-9.582177514075767,-9.66854161553741,-9.734857116283909,-9.797441480908741,-9.876486255541087,-9.902961772740605,-9.913864645037194
-9.61269388743054,-9.218647442760126,-8.529036112514905,0,-10.182843417387504,-10.207657750185575,-10.343739483788793,-10.406176853745551,-10.433200445488925,-10.46714421341709,-10.485572444361049,-10.515925178553426,-10.586549523107871,-10.565941994607005,-10.53397503169473
-9.599540471486115,-9.235916089343636,-8.92214863564898,-10.182843417387504,0,-10.252519362121832,-10.536649328471148,-10.581732526242284,-10.578136167850545,-10.603287872796828,-10.608429848203661,-10.63828774460266,-10.732076212590478,-10.683212093816595,-10.62451469392354
-9.596495309223032,-9.27008661655926,-9.147163488392989,-10.207657750185575,-10.252519362121832,0,-10.967924020976342,-10.79552142538159,-10.699239850593123,-10.705036379625303,-10.688898536352026,-10.720156375065812,-10.84907223778411,-10.759538836916937,-10.666026726892833
-9.600524429899846,-9.315100134049633,-9.339970938467786,-10.343739483788793,-10.536649328471148,-10.967924020976342,0,-10.55945213059776,-10.511000497584504,-10.600894133054673,-10.606838232229167,-10.677135952033064,-10.88362828850259,-10.74517170505714,-10.612490853355283
-9.606432185575901,-9.355541997036177,-9.480376529891783,-10.406176853745551,-10.581732526242284,-10.79552142538159,-10.55945213059776,0,-10.442917569192629,-10.664165039495522,-10.64725787626234,-10.750500050079093,-11.0535222116751,-10.808105350713037,-10.60549163516946
-9.61266567515916,-9.389632243091713,-9.582177514075767,-10.433200445488925,-10.578136167850545,-10.699239850593123,-10.511000497584504,-10.442917569192629,0,-10.958618964464193,-10.742250528368526,-10.879612254724334,-11.319126906630185,-10.873543149362018,-10.56512090533691
-9.61966903926139,-9.421219509013884,-9.66854161553741,-10.46714421341709,-10.603287872796828,-10.705036379625303,-10.600894133054673,-10.664165039495522,-10.958618964464193,0,-10.462166192799673,-10.900168784386645,-11.627771582004254,-10.827384391658615,-10.378404371918535
-9.62613439764095,-9.447686029702057,-9.734857116283909,-10.485572444361049,-10.608429848203661,-10.688898536352026,-10.606838232229167,-10.64725787626234,-10.742250528368526,-10.462166192799673,0,-11.44446406408251,-12.389242846260371,-10.74812856636569,-10.076156079761702
-9.633061162244314,-9.473136458219185,-9.797441480908741,-10.515925178553426,-10.63828774460266,-10.720156375065812,-10.677135952033064,-10.750500050079093,-10.879612254724334,-10.900168784386645,-11.44446406408251,0,-13.354547391957865,-9.870629594443368,-9.060416764089323
-9.642315833765071,-9.503810244576812,-9.876486255541087,-10.586549523107871,-10.732076212590478,-10.84907223778411,-10.88362828850259,-11.0535222116751,-11.319126906630185,-11.627771582004254,-12.389242846260371,-13.354547391957865,0,-4.979191181047971,-5.832363525957216
-9.646444191167054,-9.51843734694394,-9.902961772740605,-10.565941994607005,-10.683212093816595,-10.759538836916937,-10.74517170505714,-10.808105350713037,-10.873543149362018,-10.827384391658615,-10.74812856636569,-9.870629594443368,-4.979191181047971,0,-7.570683683503705
-9.648805656151147,-9.527061650638212,-9.913864645037194,-10.53397503169473,-10.62451469392354,-10.666026726892833,-10.612490853355283,-10.60549163516946,-10.56512090533691,-10.378404371918535,-10.076156079761702,-9.060416764089323,-5.832363525957216,-7.570683683503705,0
