0,1.0,1.3832498238900097e-07,7.022101284109135e-09,5.248111819993016e-09,1.1366284841070323e-07,3.017600959428682e-08,1.742273492819895e-08,7.446315369386392e-08,3.0263890317469494e-08,6.686086773324447e-09,3.563707396430321e-09,2.0092373476722856e-09,2.704837438110855e-08,4.956580270286496e-09
1.0,0,-0.45938387420722265,-0.7559252219464087,-0.8188745476314528,-0.8435127763813398,-0.8433877207747472,-0.8410155171758501,-0.8399516498958028,-0.8368783776878087,-0.8356012657255226,-0.8321053033885668,-0.820690093748008,-0.8249501545412405,-0.8330821426092186
1.3832498238900097e-07,-0.45938387420722265,0,-1.841644351956629,-1.5402406475911559,-1.393653020162663,-1.2645126447294932,-1.1803328921153575,-1.1272355972951582,-1.0833866824498217,-1.054361187445843,-1.0253956684227208,-0.9797399790612842,-0.9795908925890252,-0.9908415040905528
7.022101284109135e-09,-0.7559252219464087,-1.841644351956629,0,-0.6794077328939093,-0.7219712276381948,-0.6361339388997671,-0.6137487891259067,-0.62171504665734,-0.6196182465003716,-0.6299095416481905,-0.6264252601509194,-0.5825755999660979,-0.6219534289670261,-0.6727187351377724
5.248111819993016e-09,-0.8188745476314528,-1.5402406475911559,-0.6794077328939093,0,-0.797847114140491,-0.5560912092362268,-0.5444590848027371,-0.5809307643117688,-0.5870487727746492,-0.6108657536236748,-0.6081930849558899,-0.5403005472748524,-0.6072939722042855,-0.6866788869166269
1.1366284841070323e-07,-0.8435127763813398,-1.393653020162663,-0.7219712276381948,-0.797847114140491,0,-0.19171351593768857,-0.392975635059024,-0.5249425831109851,-0.5531737508230502,-0.60074479686696,-0.598529187921239,-0.4954349848561537,-0.6028227422932231,-0.719846073098988
3.017600959428682e-08,-0.8433877207747472,-1.2645126447294932,-0.6361339388997671,-0.5560912092362268,-0.19171351593768857,0,-0.6683859921739556,-0.763271144142096,-0.7125481085518139,-0.7414577040751104,-0.7022565273232856,-0.5206268683577262,-0.6764278884506689,-0.8361491210042874
1.742273492819895e-08,-0.8410155171758501,-1.1803328921153575,-0.6137487891259067,-0.5444590848027371,-0.392975635059024,-0.6683859921739556,0,-0.8962682648237369,-0.7126369500324813,-0.7642570637882155,-0.6915106297175506,-0.4080873356800915,-0.668706230819001,-0.9030843957958062
7.446315369386392e-08,-0.8399516498958028,-1.1272355972951582,-0.62171504665734,-0.5809307643117688,-0.5249425831109851,-0.763271144142096,-0.8962682648237369,0,-0.4688049925901308,-0.7211657237481376,-0.6137716118271473,-0.18500063330517214,-0.6444336659391448,-0.9923653445329954
3.0263890317469494e-08,-0.8368783776878087,-1.0833866824498217,-0.6196182465003716,-0.5870487727746492,-0.5531737508230502,-0.7125481085518139,-0.7126369500324813,-0.4688049925901308,0,-1.0476286447803522,-0.6369876289032836,0.09654744133538602,-0.719634979356036,-1.220320329958934
6.686086773324447e-09,-0.8356012657255226,-1.054361187445843,-0.6299095416481905,-0.6108657536236748,-0.60074479686696,-0.7414577040751104,-0.7642570637882155,-0.7211657237481376,-1.0476286447803522,0,-0.12746704631790712,0.8540847048095221,-0.8149693607223262,-1.5592279233359465
3.563707396430321e-09,-0.8321053033885668,-1.0253956684227208,-0.6264252601509194,-0.6081930849558899,-0.598529187921239,-0.7022565273232856,-0.6915106297175506,-0.6137716118271473,-0.6369876289032836,-0.12746704631790712,0,1.8560220212733973,-1.697569299293539,-2.6140504847623274
2.0092373476722856e-09,-0.820690093748008,-0.9797399790612842,-0.5825755999660979,-0.5403005472748524,-0.4954349848561537,-0.5206268683577262,-0.4080873356800915,-0.18500063330517214,0.09654744133538602,0.8540847048095221,1.8560220212733973,0,-6.70206361962496,-5.986969408785515
2.704837438110855e-08,-0.8249501545412405,-0.9795908925890252,-0.6219534289670261,-0.6072939722042855,-0.6028227422932231,-0.6764278884506689,-0.668706230819001,-0.6444336659391448,-0.719634979356036,-0.8149693607223262,-1.697569299293539,-6.70206361962496,0,-4.548845855663779
4.956580270286496e-09,-0.8330821426092186,-0.9908415040905528,-0.6727187351377724,-0.6866788869166269,-0.719846073098988,-0.8361491210042874,-0.9030843957958062,-0.9923653445329954,-1.220320329958934,-1.5592279233359465,-2.6140504847623274,-5.986969408785515,-4.548845855663779,0
