0,1.0,1.0,1.0,1.0,1.0,1.0,1.0,1.0,1.0,1.0,1.0,1.0,1.0,1.0
1.0,0,0.6368412744028855,1.3759747521994137,1.6179978485553397,1.775626228870533,1.845568155673293,1.9118464117864282,1.9858251197112426,2.0463814504239752,2.1154255345601682,2.1664299306349952,2.1656947015117796,2.2756207097348304,2.4296172788315826
1.0,0.6368412744028855,0,4.480335157577316,3.870365401446939,3.715897587282583,3.507153442474278,3.4372327163421375,3.4652344914278945,3.48921056414285,3.5651101698634173,3.603244907009051,3.50609019500419,3.7404669695257717,4.0963388188505965
1.0,1.3759747521994137,4.480335157577316,0,2.3454410956642255,2.754657104609591,2.568775443115713,2.6480622295318668,2.8688884249364754,3.0149487543602387,3.2355641735796326,3.3489700387214727,3.177187977093516,3.664306150069474,4.358919356353112
1.0,1.6179978485553397,3.870365401446939,2.3454410956642255,0,3.5606887691020463,2.6351843814627145,2.7839412991801407,3.1972736996040285,3.409412121161391,3.7524577882738344,3.8839911553447717,3.5178326480463507,4.32318198309217,5.441852554887811
1.0,1.775626228870533,3.715897587282583,2.754657104609591,3.5606887691020463,0,1.048605200526017,2.32701499228787,3.3465813791048733,3.700534741210357,4.245141331342887,4.379483124741569,3.694857784366111,4.978693530826802,6.684638385608079
1.0,1.845568155673293,3.507153442474278,2.568775443115713,2.6351843814627145,1.048605200526017,0,4.327350513386496,5.290077715978758,5.1569850465060405,5.67553729134971,5.557473733409208,4.2138710557276955,6.157080446325075,8.625009662797389
1.0,1.9118464117864282,3.4372327163421375,2.6480622295318668,2.7839412991801407,2.32701499228787,4.327350513386496,0,6.702077175756433,5.56488583342144,6.345961496582858,5.929831410617906,3.646185923241223,6.811147765488824,10.46051923348052
1.0,1.9858251197112426,3.4652344914278945,2.8688884249364754,3.1972736996040285,3.3465813791048733,5.290077715978758,6.702077175756433,0,3.9756438113855688,6.515306036886441,5.696484508934409,1.9606726419114944,7.418129620383088,12.869131331500295
1.0,2.0463814504239752,3.48921056414285,3.0149487543602387,3.409412121161391,3.700534741210357,5.1569850465060405,5.56488583342144,3.9756438113855688,0,9.934082480877152,6.206507339745411,-0.5710736614109058,9.193977878286619,17.20439085777352
1.0,2.1154255345601682,3.5651101698634173,3.2355641735796326,3.7524577882738344,4.245141331342887,5.67553729134971,6.345961496582858,6.515306036886441,9.934082480877152,0,1.336379781407207,-8.621302211621893,11.80567435182076,23.809725358943318
1.0,2.1664299306349952,3.603244907009051,3.3489700387214727,3.8839911553447717,4.379483124741569,5.557473733409208,5.929831410617906,5.696484508934409,6.206507339745411,1.336379781407207,0,-21.317344196817686,25.364466838401334,39.719353215094046
1.0,2.1656947015117796,3.50609019500419,3.177187977093516,3.5178326480463507,3.694857784366111,4.2138710557276955,3.646185923241223,1.9606726419114944,-0.5710736614109058,-8.621302211621893,-21.317344196817686,0,83.68640578195317,73.66285981159535
1.0,2.2756207097348304,3.7404669695257717,3.664306150069474,4.32318198309217,4.978693530826802,6.157080446325075,6.811147765488824,7.418129620383088,9.193977878286619,11.80567435182076,25.364466838401334,83.68640578195317,0,61.3532450445648
1.0,2.4296172788315826,4.0963388188505965,4.358919356353112,5.441852554887811,6.684638385608079,8.625009662797389,10.46051923348052,12.869131331500295,17.20439085777352,23.809725358943318,39.719353215094046,73.66285981159535,61.3532450445648,0
