0,1.0,3.81602877240145e-07,1.485967332848159e-07,2.0112707453719838e-07,2.0810061122488848e-09,2.6863051397116078e-08,1.1868909196805494e-08,6.533212764578997e-08,5.561944876187934e-08,9.66002271429658e-09,2.3692776590524094e-09,1.5027297426426976e-08,3.940934059860464e-08,1.1647892004481481e-07
1.0,0,-0.35832432580199863,-0.726928146947651,-0.7924889592060219,-0.8168457387574187,-0.8237326038093348,-0.8240483090920131,-0.8236376344338637,-0.825198035812424,-0.824395954115223,-0.8243879079460403,-0.8156167743449315,-0.8203205617602678,-0.8242765158402678
3.81602877240145e-07,-0.35832432580199863,0,-2.090627521880745,-1.6680104203189132,-1.4710446453700792,-1.3406107174766722,-1.2478408983171536,-1.1845467308589483,-1.1453961631586376,-1.1104936761336541,-1.0853842999606187,-1.0417091237318898,-1.0384779867808516,-1.035532412922412
1.485967332848159e-07,-0.726928146947651,-2.090627521880745,0,-0.4329586947448951,-0.5429211061100424,-0.5567988257455523,-0.5579553640964966,-0.5702190138278324,-0.5974559505077852,-0.6071182814966597,-0.620369847202152,-0.5864215483661016,-0.6244355854923405,-0.653196395993186
2.0112707453719838e-07,-0.7924889592060219,-1.6680104203189132,-0.4329586947448951,0,-0.7283336707241898,-0.6486979453785015,-0.6130854426936241,-0.6189213304859887,-0.6553064523536024,-0.6606717959625253,-0.673998798360813,-0.6122921941327186,-0.6688576246504405,-0.7086766878243678
2.0810061122488848e-09,-0.8168457387574187,-1.4710446453700792,-0.5429211061100424,-0.7283336707241898,0,-0.525232854526991,-0.5259825156537269,-0.574081324864302,-0.6519364348542251,-0.6617007633098441,-0.6828906093276046,-0.5850965297667317,-0.675078295935802,-0.7335169083858332
2.6863051397116078e-08,-0.8237326038093348,-1.3406107174766722,-0.5567988257455523,-0.6486979453785015,-0.525232854526991,0,-0.5270358674365052,-0.6227795629155671,-0.7427973194793781,-0.7304794547938133,-0.747365180721909,-0.5818475643035468,-0.717794797832613,-0.7973172009234646
1.1868909196805494e-08,-0.8240483090920131,-1.2478408983171536,-0.5579553640964966,-0.6130854426936241,-0.5259825156537269,-0.5270358674365052,0,-0.7534390645540617,-0.911256172288153,-0.8167459067111501,-0.8166866024300308,-0.5357551499425139,-0.7524200708277532,-0.8633356737481704
6.533212764578997e-08,-0.8236376344338637,-1.1845467308589483,-0.5702190138278324,-0.6189213304859887,-0.574081324864302,-0.6227795629155671,-0.7534390645540617,0,-1.1287578366202293,-0.8067636213024189,-0.8110891500351441,-0.35404730023548014,-0.7390102662331242,-0.9061426212340585
5.561944876187934e-08,-0.825198035812424,-1.1453961631586376,-0.5974559505077852,-0.6553064523536024,-0.6519364348542251,-0.7427973194793781,-0.911256172288153,-1.1287578366202293,0,-0.38724239054315285,-0.6602496653311329,0.04383685215536076,-0.7012859571739909,-0.9611356035774229
9.66002271429658e-09,-0.824395954115223,-1.1104936761336541,-0.6071182814966597,-0.6606717959625253,-0.6617007633098441,-0.7304794547938133,-0.8167459067111501,-0.8067636213024189,-0.38724239054315285,0,-1.0015906247193525,0.5083358066229535,-0.9245820433223746,-1.2584674308426236
2.3692776590524094e-09,-0.8243879079460403,-1.0853842999606187,-0.620369847202152,-0.673998798360813,-0.6828906093276046,-0.747365180721909,-0.8166866024300308,-0.8110891500351441,-0.6602496653311329,-1.0015906247193525,0,2.114420395214703,-1.4237664417839446,-1.7828144606797856
1.5027297426426976e-08,-0.8156167743449315,-1.0417091237318898,-0.5864215483661016,-0.6122921941327186,-0.5850965297667317,-0.5818475643035468,-0.5357551499425139,-0.35404730023548014,0.04383685215536076,0.5083358066229535,2.114420395214703,0,-6.224001244694323,-4.205383014433444
3.940934059860464e-08,-0.8203205617602678,-1.0384779867808516,-0.6244355854923405,-0.6688576246504405,-0.675078295935802,-0.717794797832613,-0.7524200708277532,-0.7390102662331242,-0.7012859571739909,-0.9245820433223746,-1.4237664417839446,-6.224001244694323,0,-0.9037122181600857
1.1647892004481481e-07,-0.8242765158402678,-1.035532412922412,-0.653196395993186,-0.7086766878243678,-0.7335169083858332,-0.7973172009234646,-0.8633356737481704,-0.9061426212340585,-0.9611356035774229,-1.2584674308426236,-1.7828144606797856,-4.205383014433444,-0.9037122181600857,0
