0,-2.721371456233864e-08,-0.11412930234635119,-0.2525929678970949,-0.2793756739760645,-0.28418600211668094,-0.28038218098292167,-0.273675253366587,-0.2667880461945868,-0.2609003749799137,-0.2549059944909289,-0.2497105096326188,-0.24276863987716188,-0.23971332094711736,-0.23699527240801094
-2.721371456233864e-08,0,-0.24837149615569737,-0.4461516323574193,-0.4345692959350563,-0.4097417318843406,-0.3834904650612575,-0.3597426113086309,-0.34007337177877767,-0.32481674244120534,-0.3111099450252188,-0.2998713576602727,-0.2864019339776809,-0.2799452529165126,-0.2744748013592546
-0.11412930234635119,-0.24837149615569737,0,-0.847676514173281,-0.6113201184624417,-0.4904414431512325,-0.40961239223737894,-0.35180374653410323,-0.31076186270355804,-0.2825181016136891,-0.25872864840319415,-0.24041399808635153,-0.21770359572693518,-0.2091313239664773,-0.20174984020940953
-0.2525929678970949,-0.4461516323574193,-0.847676514173281,0,-0.12455445459022982,-0.14172806012733255,-0.13234899445717696,-0.12209089707677817,-0.1164355660860676,-0.11536560139164592,-0.11083913656073872,-0.10783336635945238,-0.09527752884811073,-0.0987524758029578,-0.10034915073378088
-0.2793756739760645,-0.4345692959350563,-0.6113201184624417,-0.12455445459022982,0,-0.1625229618271111,-0.1320321092544325,-0.11526315881010045,-0.10905430448015307,-0.10961834532551308,-0.10463546599636155,-0.10179156997523431,-0.0861788265336466,-0.09215464416812848,-0.09507460539950154
-0.28418600211668094,-0.4097417318843406,-0.4904414431512325,-0.14172806012733255,-0.1625229618271111,0,-0.09576127171669487,-0.08893092521166954,-0.09126139416848864,-0.09850964829192765,-0.09455833621684996,-0.09304696787151202,-0.073908478481303,-0.08403738536648782,-0.08903065212530112
-0.28038218098292167,-0.3834904650612575,-0.40961239223737894,-0.13234899445717696,-0.1320321092544325,-0.09576127171669487,0,-0.08124293725868646,-0.09033939801500737,-0.1023668109408714,-0.09506871533087513,-0.09276234480276357,-0.06650886784673468,-0.08163157876666735,-0.08854658372434747
-0.273675253366587,-0.3597426113086309,-0.35180374653410323,-0.12209089707677817,-0.11526315881010045,-0.08893092521166954,-0.08124293725868646,0,-0.10060776754762224,-0.11552273892367333,-0.09765344440070214,-0.09324705175171454,-0.05568847255561463,-0.07917526518154278,-0.08883751417955643
-0.2667880461945868,-0.34007337177877767,-0.31076186270355804,-0.1164355660860676,-0.10905430448015307,-0.09126139416848864,-0.09033939801500737,-0.10060776754762224,0,-0.13294852451806347,-0.08956311653512353,-0.0863226259735047,-0.033182572912540786,-0.07327468593404818,-0.08775030879482881
-0.2609003749799137,-0.32481674244120534,-0.2825181016136891,-0.11536560139164592,-0.10961834532551308,-0.09850964829192765,-0.1023668109408714,-0.11552273892367333,-0.13294852451806347,0,-0.04080005795219756,-0.06689527692172148,0.006387282181445486,-0.06693739279758947,-0.08876220445750405
-0.2549059944909289,-0.3111099450252188,-0.25872864840319415,-0.11083913656073872,-0.10463546599636155,-0.09455833621684996,-0.09506871533087513,-0.09765344440070214,-0.08956311653512353,-0.04080005795219756,0,-0.0954617825323277,0.048472625363951395,-0.08393224436551677,-0.1098996060390771
-0.2497105096326188,-0.2998713576602727,-0.24041399808635153,-0.10783336635945238,-0.10179156997523431,-0.09304696787151202,-0.09276234480276357,-0.09324705175171454,-0.0863226259735047,-0.06689527692172148,-0.0954617825323277,0,0.18397863012258733,-0.12364948983233429,-0.14789814739874657
-0.24276863987716188,-0.2864019339776809,-0.21770359572693518,-0.09527752884811073,-0.0861788265336466,-0.073908478481303,-0.06650886784673468,-0.05568847255561463,-0.033182572912540786,0.006387282181445486,0.048472625363951395,0.18397863012258733,0,-0.4981859121887946,-0.32470219581529924
-0.23971332094711736,-0.2799452529165126,-0.2091313239664773,-0.0987524758029578,-0.09215464416812848,-0.08403738536648782,-0.08163157876666735,-0.07917526518154278,-0.07327468593404818,-0.06693739279758947,-0.08393224436551677,-0.12364948983233429,-0.4981859121887946,0,-0.06697227989838482
-0.23699527240801094,-0.2744748013592546,-0.20174984020940953,-0.10034915073378088,-0.09507460539950154,-0.08903065212530112,-0.08854658372434747,-0.08883751417955643,-0.08775030879482881,-0.08876220445750405,-0.1098996060390771,-0.14789814739874657,-0.32470219581529924,-0.06697227989838482,0
