0,0.21046696844832327,0.2105221270642608,0.21050071096072445,0.21039434396960124,0.2101902794631692,0.20986971991865255
-0.21046696844832327,0,0.21057728568019832,0.21051758221692507,0.21037013581002725,0.21012110721688068,0.2097502702127184
-0.2105221270642608,-0.21057728568019832,0,0.2104578787536518,0.2102665608749417,0.20996904772910815,0.20954351634584845
-0.21050071096072445,-0.21051758221692507,-0.2104578787536518,0,0.2100752429962316,0.2097246322168363,0.20923872887658065
-0.21039434396960124,-0.21037013581002725,-0.2102665608749417,-0.2100752429962316,0,0.209374021437441,0.20882047181675517
-0.2101902794631692,-0.21012110721688068,-0.20996904772910815,-0.2097246322168363,-0.209374021437441,0,0.20826692219606935
-0.20986971991865255,-0.2097502702127184,-0.20954351634584845,-0.20923872887658065,-0.20882047181675517,-0.20826692219606935,0
