0,0.21206691405820513,0.21226762736451268,0.21248515942597782,0.21269833964556842,0.2129054411403985,0.21313895271299252
-0.21206691405820513,0,0.21246834067082024,0.21269428210986419,0.21290881484135618,0.21311507291094686,0.21335336044394998
-0.21226762736451268,-0.21246834067082024,0,0.2129202235489081,0.21312905192662415,0.2133306503243224,0.21357461538723244
-0.21248515942597782,-0.21269428210986419,-0.2129202235489081,0,0.2133378803043402,0.21353586371202954,0.2137927460000072
-0.21269833964556842,-0.21290881484135618,-0.21312905192662415,-0.2133378803043402,0,0.21373384711971888,0.2140201788478407
-0.2129054411403985,-0.21311507291094686,-0.2133306503243224,-0.21353586371202954,-0.21373384711971888,0,0.2143065105759625
-0.21313895271299252,-0.21335336044394998,-0.21357461538723244,-0.2137927460000072,-0.2140201788478407,-0.2143065105759625,0
