0,0.20995721404485115,0.209839447919386,0.2097088640171083,0.20960019388081585,0.20955676898337536,0.20963206691947403
-0.20995721404485115,0,0.20972168179392084,0.2095846890032369,0.20948118715947076,0.20945665771800642,0.20956703749439862
-0.209839447919386,-0.20972168179392084,0,0.20944769621255294,0.2093609398422457,0.20936831635936826,0.20952837641951805
-0.2097088640171083,-0.2095846890032369,-0.20944769621255294,0,0.2092741834719385,0.20932862643277594,0.20955526982183978
-0.20960019388081585,-0.20948118715947076,-0.2093609398422457,-0.2092741834719385,0,0.2093830693936134,0.2096958129967904
-0.20955676898337536,-0.20945665771800642,-0.20936831635936826,-0.20932862643277594,-0.2093830693936134,0,0.21000855659996742
-0.20963206691947403,-0.20956703749439862,-0.20952837641951805,-0.20955526982183978,-0.2096958129967904,-0.21000855659996742,0
