0,0.21211255343693278,0.21210978586952797,0.21211109117706986,0.2120985893478736,0.21203893681480782,0.21187775811977957
-0.21211255343693278,0,0.21210701830212317,0.2121103600471384,0.21209393465152052,0.21202053265927656,0.2118307990563489
-0.21210978586952797,-0.21210701830212317,0,0.21211370179215366,0.21208739282621922,0.21199170411166102,0.21176174424490535
-0.21211109117706986,-0.2121103600471384,-0.21211370179215366,0,0.21206108386028477,0.21193070527141472,0.21164442506248926
-0.2120985893478736,-0.21209393465152052,-0.21208739282621922,-0.21206108386028477,0,0.21180032668254467,0.2114360956635915
-0.21203893681480782,-0.21202053265927656,-0.21199170411166102,-0.21193070527141472,-0.21180032668254467,0,0.21107186464463834
-0.21187775811977957,-0.2118307990563489,-0.21176174424490535,-0.21164442506248926,-0.2114360956635915,-0.21107186464463834,0
