0,4.468776227750092,3.6879736084993033,2.224069653650295,1.673699188181573,1.6380580811622352,1.8404869726207487
-4.468776227750092,0,2.907170989248515,1.1017163666003964,0.7420068416587334,0.930378544515271,1.31482912159488
-3.6879736084993033,-2.907170989248515,0,-0.7037382560477221,-0.34057523213615726,0.2714477296041897,0.9167436546814713
-2.224069653650295,-1.1017163666003964,0.7037382560477221,0,0.022587791775407595,0.7590407224301456,1.4569042915912025
-1.673699188181573,-0.7420068416587334,0.34057523213615726,-0.022587791775407595,0,1.4954936530848837,2.1740625414991
-1.6380580811622352,-0.930378544515271,-0.2714477296041897,-0.7590407224301456,-1.4954936530848837,0,2.852631429913316
-1.8404869726207487,-1.31482912159488,-0.9167436546814713,-1.4569042915912025,-2.1740625414991,-2.852631429913316,0
