0,4.2188652449312265,3.3438549276230836,2.318561937579896,1.6456943554466648,1.4118707326266502,1.0900563730852504
-4.2188652449312265,0,2.4688446103149406,1.3684102839042303,0.7879707256184775,0.7101221045505062,0.46429459871605516
-3.3438549276230836,-2.4688446103149406,0,0.2679759574935199,-0.052466216729754045,0.1238812692956947,-0.0368429041836662
-2.318561937579896,-1.3684102839042303,-0.2679759574935199,0,-0.37290839095302797,0.051833925196782094,-0.1384491914093949
-1.6456943554466648,-0.7879707256184775,0.052466216729754045,0.37290839095302797,0,0.47657624134659216,-0.02121959163757836
-1.4118707326266502,-0.7101221045505062,-0.1238812692956947,-0.051833925196782094,-0.47657624134659216,0,-0.5190154246217489
-1.0900563730852504,-0.46429459871605516,0.0368429041836662,0.1384491914093949,0.02121959163757836,0.5190154246217489,0
