0,5.560375011361472,3.5836085464852294,2.2166723609678094,1.6513454144468416,1.3478839928325845,1.4228993164556263
-5.560375011361472,0,1.6068420816089866,0.544821035770978,0.3483355488086313,0.2947612382003626,0.5954041774744571
-3.5836085464852294,-1.6068420816089866,0,-0.5172000100670306,-0.28091771759154627,-0.14259904293584538,0.3425447014408247
-2.2166723609678094,-0.544821035770978,0.5172000100670306,0,-0.04463542511606189,0.044701440629747236,0.6291262719434432
-1.6513454144468416,-0.3483355488086313,0.28091771759154627,0.04463542511606189,0,0.13403830637555636,0.9660071204731957
-1.3478839928325845,-0.2947612382003626,0.14259904293584538,-0.044701440629747236,-0.13403830637555636,0,1.797975934570835
-1.4228993164556263,-0.5954041774744571,-0.3425447014408247,-0.6291262719434432,-0.9660071204731957,-1.797975934570835,0
