0,4.768316763396005,3.4102386354375382,2.361656632802649,1.7754968717004818,1.4403358024714787,1.4742828763980456
-4.768316763396005,0,2.052160507479072,1.1583265675059713,0.7778902411353075,0.6083405622403473,0.8154760989984539
-3.4102386354375382,-2.052160507479072,0,0.2644926275328707,0.14075510796342527,0.12706724716077242,0.5063049968782993
-2.361656632802649,-1.1583265675059713,-0.2644926275328707,0,0.01701758839397982,0.05835455697472325,0.5869091199934422
-1.7754968717004818,-0.7778902411353075,-0.14075510796342527,-0.01701758839397982,0,0.09969152555546668,0.8718548857931734
-1.4403358024714787,-0.6083405622403473,-0.12706724716077242,-0.05835455697472325,-0.09969152555546668,0,1.64401824603088
-1.4742828763980456,-0.8154760989984539,-0.5063049968782993,-0.5869091199934422,-0.8718548857931734,-1.64401824603088,0
