0,1.8318105981623798,1.8296482071911517,1.827338793413433,1.8216291440180308,1.8251906892807892,1.965384789101219
-1.8318105981623798,0,1.8274858162199237,1.8251028910389597,1.8182353259699144,1.8235357120603914,1.992099627288987
-1.8296482071911517,-1.8274858162199237,0,1.822719965857996,1.8136100808449098,1.8222190106738807,2.0332530800562525
-1.827338793413433,-1.8251028910389597,-1.822719965857996,0,1.8045001958318236,1.8219685330818232,2.103430784789005
-1.8216291440180308,-1.8182353259699144,-1.8136100808449098,-1.8045001958318236,0,1.8394368703318227,2.2528960792675954
-1.8251906892807892,-1.8235357120603914,-1.8222190106738807,-1.8219685330818232,-1.8394368703318227,0,2.666355288203368
-1.965384789101219,-1.992099627288987,-2.0332530800562525,-2.103430784789005,-2.2528960792675954,-2.666355288203368,0
