0,1.8344546943998343,1.831481383354865,1.827157639651891,1.827454345571199,1.8645571795033873,2.0319788562348977
-1.8344546943998343,0,1.8285080723098959,1.823509112277919,1.8251208959616536,1.8720828007792756,2.0714836886019103
-1.831481383354865,-1.8285080723098959,0,1.8185101522459424,1.8234273077875327,1.8866077102690688,2.132227592674914
-1.827157639651891,-1.823509112277919,-1.8185101522459424,0,1.828344463329123,1.9206564892806322,2.2368000728179047
-1.827454345571199,-1.8251208959616536,-1.8234273077875327,-1.828344463329123,0,2.0129685152321413,2.4410278775622953
-1.8645571795033873,-1.8720828007792756,-1.8866077102690688,-1.9206564892806322,-2.0129685152321413,0,2.8690872398924494
-2.0319788562348977,-2.0714836886019103,-2.132227592674914,-2.2368000728179047,-2.4410278775622953,-2.8690872398924494,0
