0,1.8312196910484473,1.830738035447987,1.829745044994369,1.8243141471203448,1.810831156959728,1.8286979246749848
-1.8312196910484473,0,1.8302563798475266,1.82900772196733,1.8220122991443108,1.805734023437548,1.8281935714002924
-1.830738035447987,-1.8302563798475266,0,1.8277590640871333,1.8178902587927026,1.797559904634222,1.8276778692884839
-1.829745044994369,-1.82900772196733,-1.8277590640871333,0,1.808021453498272,1.7824603249077664,1.8276508043556008
-1.8243141471203448,-1.8220122991443108,-1.8178902587927026,-1.808021453498272,0,1.7568991963172609,1.837465479784265
-1.810831156959728,-1.805734023437548,-1.797559904634222,-1.7824603249077664,-1.7568991963172609,0,1.9180317632512693
-1.8286979246749848,-1.8281935714002924,-1.8276778692884839,-1.8276508043556008,-1.837465479784265,-1.9180317632512693,0
