0,1.8330208686975265,1.8331389093367771,1.8325417465182374,1.830549773426803,1.8347229306700377,1.9001958612532273
-1.8330208686975265,0,1.8332569499760278,1.8323021854285928,1.8297260750032285,1.8351484461631655,1.9136308597643676
-1.8331389093367771,-1.8332569499760278,0,1.831347420881158,1.827960637516829,1.8357789448922113,1.9337243372114523
-1.8325417465182374,-1.8323021854285928,-1.831347420881158,0,1.8245738541524998,1.8379947068977383,1.9678499759882173
-1.830549773426803,-1.8297260750032285,-1.827960637516829,-1.8245738541524998,0,1.8514155596429767,2.039488036906076
-1.8347229306700377,-1.8351484461631655,-1.8357789448922113,-1.8379947068977383,-1.8514155596429767,0,2.227560514169175
-1.9001958612532273,-1.9136308597643676,-1.9337243372114523,-1.9678499759882173,-2.039488036906076,-2.227560514169175,0
