0,12.066844178761158,5.819810045578677,3.725724495891166,2.9523033375806103,2.198031092037453,2.412086448651391
-12.066844178761158,0,-0.42722408760380404,-0.4448353455438303,-0.08587694281290581,-0.2691721796434732,0.48113490262943764
-5.819810045578677,0.42722408760380404,0,-0.4624466034838566,0.0847966295825433,-0.21648821032336288,0.708224650187748
-3.725724495891166,0.4448353455438303,0.4624466034838566,0,0.6320398626489432,-0.09350901374311604,1.0984484014116163
-2.9523033375806103,0.08587694281290581,-0.0847966295825433,-0.6320398626489432,0,-0.8190578901351753,1.3316526707929528
-2.198031092037453,0.2691721796434732,0.21648821032336288,0.09350901374311604,0.8190578901351753,0,3.482363231721081
-2.412086448651391,-0.48113490262943764,-0.708224650187748,-1.0984484014116163,-1.3316526707929528,-3.482363231721081,0
