0,12.072941332926991,5.992025928806147,3.8130738581488313,2.9395752480148807,2.2273476263857557,2.1543564859068973
-12.072941332926991,0,-0.08888947531469782,-0.3168598792402486,-0.10488011362248943,-0.23405080024955316,0.1706395165028784
-5.992025928806147,0.08888947531469782,0,-0.5448302831657994,-0.11287543277638523,-0.2824379085611716,0.23552176445727246
-3.8130738581488313,0.3168598792402486,0.5448302831657994,0,0.31907941761302894,-0.1512417212588577,0.4956391136649631
-2.9395752480148807,0.10488011362248943,0.11287543277638523,-0.31907941761302894,0,-0.6215628601307444,0.5839189616909302
-2.2273476263857557,0.23405080024955316,0.2824379085611716,0.1512417212588577,0.6215628601307444,0,1.7894007835126047
-2.1543564859068973,-0.1706395165028784,-0.23552176445727246,-0.4956391136649631,-0.5839189616909302,-1.7894007835126047,0
