0,4.454532526740949,4.075456265226154,3.0981828030898715,2.233288294654263,1.9801914845365005,2.4728603009160426
-4.454532526740949,0,3.6963800037113588,2.4200079412643327,1.4928735506253679,1.3616062239853883,2.0765258557510613
-4.075456265226154,-3.6963800037113588,0,1.1436358788173067,0.3911203240823724,0.5833482974100649,1.6715623187609867
-3.0981828030898715,-2.4200079412643327,-1.1436358788173067,0,-0.36139523065256185,0.30320450670644394,1.8475377987422135
-2.233288294654263,-1.4928735506253679,-0.3911203240823724,0.36139523065256185,0,0.9678042440654497,2.952004313439601
-1.9801914845365005,-1.3616062239853883,-0.5833482974100649,-0.30320450670644394,-0.9678042440654497,0,4.936204382813752
-2.4728603009160426,-2.0765258557510613,-1.6715623187609867,-1.8475377987422135,-2.952004313439601,-4.936204382813752,0
