0,4.587922453645217,4.136313705019043,3.1106402026269837,2.295746160491582,2.1862164707937914,1.728329560413678
-4.587922453645217,0,3.684704956392868,2.371999077117867,1.531687396107037,1.585789975080935,1.1564109817673702
-4.136313705019043,-3.684704956392868,0,1.059293197842866,0.45517861596412157,0.8861516479769573,0.5243374881109957
-3.1106402026269837,-2.371999077117867,-1.059293197842866,0,-0.14893596591462277,0.799580873044003,0.3460189182003723
-2.295746160491582,-1.531687396107037,-0.45517861596412157,0.14893596591462277,0,1.7480977120026289,0.5934963602578698
-2.1862164707937914,-1.585789975080935,-0.8861516479769573,-0.799580873044003,-1.7480977120026289,0,-0.5611049914868893
-1.728329560413678,-1.1564109817673702,-0.5243374881109957,-0.3460189182003723,-0.5934963602578698,0.5611049914868893,0
