0,4.698959389729827,4.265416225671345,2.9781559191612996,2.2796682958625896,1.8360269059838235,1.8756071445066909
-4.698959389729827,0,3.8318730616128622,2.117754183877036,1.4732379312401769,1.1202937850473225,1.3109366954620636
-4.265416225671345,-3.8318730616128622,0,0.4036353061412097,0.2939203660538343,0.21643402619214255,0.680702603924364
-2.9781559191612996,-2.117754183877036,-0.4036353061412097,0,0.18420542596645895,0.12283338621760898,0.7730583698520821
-2.2796682958625896,-1.4732379312401769,-0.2939203660538343,-0.18420542596645895,0,0.061461346468759004,1.0674848417948937
-1.8360269059838235,-1.1202937850473225,-0.21643402619214255,-0.12283338621760898,-0.061461346468759004,0,2.0735083371210283
-1.8756071445066909,-1.3109366954620636,-0.680702603924364,-0.7730583698520821,-1.0674848417948937,-2.0735083371210283,0
