0,1.8016401225087615,1.8186725610558097,1.9749760077692458,1.858000980770067,1.5750678610487685,0.9608011960823292
-1.8016401225087615,0,1.8357049996028578,2.061643950399488,1.8767879335238355,1.5184247956837704,0.7926334107970427
-1.8186725610558097,-1.8357049996028578,0,2.287582901196118,1.8973294004843244,1.4126647277107411,0.531865513595589
-1.9749760077692458,-2.061643950399488,-2.287582901196118,0,1.5070758997725306,0.9752056409680527,-0.05337361560458742
-1.858000980770067,-1.8767879335238355,-1.8973294004843244,-1.5070758997725306,0,0.4433353821635748,-0.8335983732931465
-1.5750678610487685,-1.5184247956837704,-1.4126647277107411,-0.9752056409680527,-0.4433353821635748,0,-2.1105321287498677
-0.9608011960823292,-0.7926334107970427,-0.531865513595589,0.05337361560458742,0.8335983732931465,2.1105321287498677,0
