0,3.2506245231827813,2.903372932857153,2.201958162376848,1.6458871079619959,1.3975040494901998,1.1271315847886585
-3.2506245231827813,0,2.5561213425315246,1.6776249819738809,1.110974636221734,0.9342239310670545,0.702432997109834
-2.903372932857153,-2.5561213425315246,0,0.7991286214162372,0.38840128306683885,0.39359146057889777,0.2390109107544114
-2.201958162376848,-1.6776249819738809,-0.7991286214162372,0,-0.022326055282559487,0.19082288016022808,0.052305007200469454
-1.6458871079619959,-1.110974636221734,-0.38840128306683885,0.022326055282559487,0,0.40397181560301565,0.08962053844198392
-1.3975040494901998,-0.9342239310670545,-0.39359146057889777,-0.19082288016022808,-0.40397181560301565,0,-0.2247307387190478
-1.1271315847886585,-0.702432997109834,-0.2390109107544114,-0.052305007200469454,-0.08962053844198392,0.2247307387190478,0
