0,0.4315760510536694,0.4300985720097412,0.43028879002458814,0.4327748649506187,0.43786675832669675,0.44647025840701343
-0.4315760510536694,0,0.428621092965813,0.42964515951004745,0.4331744695829351,0.43943943514495354,0.4494490998776822
-0.4300985720097412,-0.428621092965813,0,0.43066922605428193,0.43545115789149613,0.44304554920466704,0.4546561016056495
-0.43028879002458814,-0.42964515951004745,-0.43066922605428193,0,0.44023308972871034,0.44923371077985963,0.4626517267894387
-0.4327748649506187,-0.4331744695829351,-0.43545115789149613,-0.44023308972871034,0,0.4582343318310089,0.4738610453198029
-0.43786675832669675,-0.43943943514495354,-0.44304554920466704,-0.44923371077985963,-0.4582343318310089,0,0.48948775880859685
-0.44647025840701343,-0.4494490998776822,-0.4546561016056495,-0.4626517267894387,-0.4738610453198029,-0.48948775880859685,0
