0,0.4465298404201871,0.4501256929986976,0.45265501741991504,0.45344565200904147,0.4516562334875043,0.44647025840701343
-0.4465298404201871,0,0.45372154557720806,0.45571760591977895,0.45575092253865956,0.45293783175433355,0.44645834200437867
-0.4501256929986976,-0.45372154557720806,0,0.4577136662623499,0.45676561101938534,0.4526765938133754,0.4446425411111713
-0.45265501741991504,-0.45571760591977895,-0.4577136662623499,0,0.4558175557764208,0.45015805758888816,0.4402854993941118
-0.45344565200904147,-0.45575092253865956,-0.45676561101938534,-0.4558175557764208,0,0.4444985594013555,0.4325194712029573
-0.4516562334875043,-0.45293783175433355,-0.4526765938133754,-0.45015805758888816,-0.4444985594013555,0,0.4205403830045591
-0.44647025840701343,-0.44645834200437867,-0.4446425411111713,-0.4402854993941118,-0.4325194712029573,-0.4205403830045591,0
