0,0.6806364340007907,0.6773751085292192,0.6685044142697496,0.6571877886228535,0.6509904306901781,0.6650334644153617
-0.6806364340007907,0,0.6741137830576478,0.6624384044042291,0.6493715734968745,0.6435789298625251,0.661912870498276
-0.6773751085292192,-0.6741137830576478,0,0.6507630257508104,0.6370004687164879,0.6334006454641509,0.658862642358433
-0.6685044142697496,-0.6624384044042291,-0.6507630257508104,0,0.6232379116821654,0.6247194553208211,0.6615625145609738
-0.6571877886228535,-0.6493715734968745,-0.6370004687164879,-0.6232379116821654,0,0.6262009989594768,0.680724816000378
-0.6509904306901781,-0.6435789298625251,-0.6334006454641509,-0.6247194553208211,-0.6262009989594768,0,0.7352486330412793
-0.6650334644153617,-0.661912870498276,-0.658862642358433,-0.6615625145609738,-0.680724816000378,-0.7352486330412793,0
