0,0.7319711724175274,0.7380669394935251,0.7521983453147394,0.7798209789183105,0.8340551467711848,1.0121847560247488
-0.7319711724175274,0,0.7441627065695228,0.7623119317633453,0.7957709144185715,0.8595761403595991,1.0682274727461931
-0.7380669394935251,-0.7441627065695228,0,0.780461156957168,0.8215750183430959,0.8980472849562912,1.1492436642903605
-0.7521983453147394,-0.7623119317633453,-0.780461156957168,0,0.8626888797290237,0.9568403489558528,1.272171166734758
-0.7798209789183105,-0.7957709144185715,-0.8215750183430959,-0.8626888797290237,0,1.0509918181826818,1.4769123102376251
-0.8340551467711848,-0.8595761403595991,-0.8980472849562912,-0.9568403489558528,-1.0509918181826818,0,1.9028328022925685
-1.0121847560247488,-1.0682274727461931,-1.1492436642903605,-1.272171166734758,-1.4769123102376251,-1.9028328022925685,0
