0,1.609767124784285e-15,-0.1017951087183827,-0.29188548251832824,-0.303768806860363,-0.2752625438332178,-0.24212546065373217,-0.21348088717842723,-0.18993781335731955,-0.17120518276982657,-0.1539717539433338,-0.13986780468269921,-0.13120337112360736,-0.12146876195467986,-0.11440134223789589,-0.10316145370448426,-0.14270104346191217
1.609767124784285e-15,0,-0.2035902174367673,-0.45254410129108413,-0.39003977841776144,-0.31562262155679743,-0.25798648474295605,-0.21662602624921515,-0.18641089920513296,-0.16429922052090468,-0.1450002983788981,-0.1299631684462269,-0.12150543533336498,-0.11176518410617871,-0.10507435840821112,-0.09357941591430256,-0.13925920911518203
-0.1017951087183827,-0.2035902174367673,0,-0.7014979851454094,-0.43135485778698685,-0.29907158281092777,-0.22500140676989763,-0.1808491547692625,-0.15222309756399924,-0.1331304496189994,-0.11646927164585821,-0.10413092107326143,-0.09883219055314577,-0.09124743825146452,-0.08668383103915024,-0.07617397209883531,-0.13026513023522712
-0.29188548251832824,-0.45254410129108413,-0.7014979851454094,0,-0.16121173042855758,-0.12083502370741361,-0.09884803919762464,-0.08749623342564429,-0.08044579759983313,-0.07640590737459448,-0.06976057046927021,-0.06506007558644804,-0.06651576805967292,-0.06342768306559085,-0.06274010051553579,-0.05429699104957501,-0.11924074049820216
-0.303768806860363,-0.39003977841776144,-0.43135485778698685,-0.16121173042855758,0,-0.08045831698626732,-0.07073114728405305,-0.06776188458286635,-0.0657850139638426,-0.0652854215421893,-0.059918698616030094,-0.056503547975812446,-0.060184178245450116,-0.0577447942153959,-0.057965449174457916,-0.04891093002101577,-0.12467465031228808
-0.2752625438332178,-0.31562262155679743,-0.29907158281092777,-0.12083502370741361,-0.08045831698626732,0,-0.061003977581834755,-0.06253998621467455,-0.062185629470232796,-0.0629259538773596,-0.05655681253075891,-0.05312644344627131,-0.058571507415702946,-0.05594840934113624,-0.05657247226686174,-0.04612494543235781,-0.1349802832036179
-0.24212546065373217,-0.25798648474295605,-0.22500140676989763,-0.09884803919762464,-0.07073114728405305,-0.061003977581834755,0,-0.06407599484750819,-0.062461394518220435,-0.0634339986049169,-0.054313982828652574,-0.05048776728337091,-0.05824247129061153,-0.05504585772867664,-0.056009168329554194,-0.043584796915610714,-0.14905749583014458
-0.21348088717842723,-0.21662602624921515,-0.1808491547692625,-0.08749623342564429,-0.06776188458286635,-0.06253998621467455,-0.06407599484750819,0,-0.060846794188934024,-0.06354420121961739,-0.04980907624786947,-0.046254337116791056,-0.05800508584863909,-0.05396297853814196,-0.05543783658687372,-0.040379456357093176,-0.1675877631662382
-0.18993781335731955,-0.18641089920513296,-0.15222309756399924,-0.08044579759983313,-0.0657850139638426,-0.062185629470232796,-0.062461394518220435,-0.060846794188934024,0,-0.0662416082503075,-0.0415514619435978,-0.04034816039911222,-0.059161679310773714,-0.0533866717427326,-0.05544757688978942,-0.03662216652683529,-0.1929339392558464
-0.17120518276982657,-0.16429922052090468,-0.1331304496189994,-0.07640590737459448,-0.0652854215421893,-0.0629259538773596,-0.0634339986049169,-0.06354420121961739,-0.0662416082503075,0,-0.01686131563689479,-0.03131591060055463,-0.06405231386732371,-0.05401104944944805,-0.05655079707661865,-0.03203149227086842,-0.22856887674612447
-0.1539717539433338,-0.1450002983788981,-0.11646927164585821,-0.06976057046927021,-0.059918698616030094,-0.05655681253075891,-0.054313982828652574,-0.04980907624786947,-0.0415514619435978,-0.01686131563689479,0,-0.045770505564219056,-0.09069478103305255,-0.06231165082337556,-0.06254705695184481,-0.027855897252435716,-0.28173984729731777
-0.13986780468269921,-0.1299631684462269,-0.10413092107326143,-0.06506007558644804,-0.056503547975812446,-0.05312644344627131,-0.05048776728337091,-0.046254337116791056,-0.04034816039911222,-0.03131591060055463,-0.045770505564219056,0,-0.13561905650188835,-0.05836432250653218,-0.060691095857658535,-0.012865856716161384,-0.3563744702880937
-0.13120337112360736,-0.12150543533336498,-0.09883219055314577,-0.06651576805967292,-0.060184178245450116,-0.058571507415702946,-0.05824247129061153,-0.05800508584863909,-0.059161679310773714,-0.06405231386732371,-0.09069478103305255,-0.13561905650188835,0,0.018890411488820515,-0.03649070009329066,0.02314696073676974,-0.4721702252451064
-0.12146876195467986,-0.11176518410617871,-0.09124743825146452,-0.06342768306559085,-0.0577447942153959,-0.05594840934113624,-0.05504585772867664,-0.05396297853814196,-0.0533866717427326,-0.05401104944944805,-0.06231165082337556,-0.05836432250653218,0.018890411488820515,0,-0.0918718116753949,0.04444503076277282,-0.7091797832230449
-0.11440134223789589,-0.10507435840821112,-0.08668383103915024,-0.06274010051553579,-0.057965449174457916,-0.05657247226686174,-0.056009168329554194,-0.05543783658687372,-0.05544757688978942,-0.05655079707661865,-0.06254705695184481,-0.060691095857658535,-0.03649070009329066,-0.0918718116753949,0,0.18076187320095322,-1.1661573784008692
-0.10316145370448426,-0.09357941591430256,-0.07617397209883531,-0.05429699104957501,-0.04891093002101577,-0.04612494543235781,-0.043584796915610714,-0.040379456357093176,-0.03662216652683529,-0.03203149227086842,-0.027855897252435716,-0.012865856716161384,0.02314696073676974,0.04444503076277282,0.18076187320095322,0,-2.5130766300026846
-0.14270104346191217,-0.13925920911518203,-0.13026513023522712,-0.11924074049820216,-0.12467465031228808,-0.1349802832036179,-0.14905749583014458,-0.1675877631662382,-0.1929339392558464,-0.22856887674612447,-0.28173984729731777,-0.3563744702880937,-0.4721702252451064,-0.7091797832230449,-1.1661573784008692,-2.5130766300026846,0
