0,7.135937226725475,5.646972553197945,3.998481030513767,3.0391637054924647,2.4474226277912257,2.0496861860896605,1.7660275873407816,1.5528799881968005,1.3876979459805232,1.2506142829461602,1.1410830304568929,1.0572943659606426,0.9745109215414531,0.9114652708367349,0.8386501279008892,0.9433017842822515
-7.135937226725475,0,4.158007879670415,2.429752932407913,1.673572531748128,1.275293978057663,1.0324359779624976,0.8710426474433327,0.7553003826927042,0.6691680358874043,0.5966895114151253,0.5415976108300347,0.504690469527476,0.4610587294427846,0.43265973576837025,0.38884390655627593,0.5304594214527033
-5.646972553197945,-4.158007879670415,0,0.7014979851454104,0.43135485778698435,0.31438934418674575,0.25104300253551814,0.21364960099791616,0.18818246652975232,0.1707623439184027,0.151524715383214,0.13977424762554788,0.13935872851318204,0.12497244305845454,0.1222140571098665,0.09890821631672676,0.27134881729429533
-3.998481030513767,-2.429752932407913,-0.7014979851454104,0,0.1612117304285583,0.12083502370741339,0.10089134166555407,0.09168750496104261,0.08551936280662069,0.08230640371390141,0.07295710541718593,0.06955878043556507,0.07689881110960112,0.06731988884975895,0.06955188183390798,0.0486924022476698,0.23826041976728646
-3.0391637054924647,-1.673572531748128,-0.43135485778698435,-0.1612117304285583,0,0.08045831698626849,0.07073114728405194,0.06851276313853738,0.06659627090113629,0.06652533837097004,0.05824800124862387,0.05646550186513747,0.06635969619473148,0.05688746200767013,0.060385896974442944,0.03846337241304357,0.24468114387884712
-2.4474226277912257,-1.275293978057663,-0.31438934418674575,-0.12083502370741339,-0.08045831698626849,0,0.0610039775818354,0.06253998621467183,0.06197558887275889,0.06304209371714542,0.05380593810109495,0.052466699344948964,0.0643456075102262,0.053941105135345335,0.0581556280842401,0.03426387795572108,0.25961049177817247
-2.0496861860896605,-1.0324359779624976,-0.25104300253551814,-0.10089134166555407,-0.07073114728405194,-0.0610039775818354,0,0.06407599484750826,0.062461394518220636,0.06372146576224876,0.05200642823090984,0.05075924369757168,0.06490254583162465,0.052932123357275325,0.05779958439704069,0.03129275577504171,0.2794711431978062
-1.7660275873407816,-0.8710426474433327,-0.21364960099791616,-0.09168750496104261,-0.06851276313853738,-0.06253998621467183,-0.06407599484750826,0,0.06084679418893302,0.06354420121961901,0.04798323935871037,0.04743005591008753,0.06506785602844793,0.0510748114422365,0.05690295433268818,0.02719485089098339,0.3034039374589504
-1.5528799881968005,-0.7553003826927042,-0.18818246652975232,-0.08551936280662069,-0.06659627090113629,-0.06197558887275889,-0.062461394518220636,-0.06084679418893302,0,0.066241608250305,0.041551461943599044,0.04295780981713904,0.06612312148832666,0.0491204148928972,0.056245647689980714,0.02238743041984773,0.33372358036770255
-1.3876979459805232,-0.6691680358874043,-0.1707623439184027,-0.08230640371390141,-0.06652533837097004,-0.06304209371714542,-0.06372146576224876,-0.06354420121961901,-0.066241608250305,0,0.01686131563689308,0.03131591060055605,0.06608362590100055,0.04484011655354525,0.05424645557791585,0.015078400781438184,0.37193529067018793
-1.2506142829461602,-0.5966895114151253,-0.151524715383214,-0.07295710541718593,-0.05824800124862387,-0.05380593810109495,-0.05200642823090984,-0.04798323935871037,-0.041551461943599044,-0.01686131563689308,0,0.04577050556421902,0.09069478103305428,0.05416638352576264,0.06359274056317155,0.014721817810347204,0.4311142865090704
-1.1410830304568929,-0.5415976108300347,-0.13977424762554788,-0.06955878043556507,-0.05646550186513747,-0.052466699344948964,-0.05075924369757168,-0.04743005591008753,-0.04295780981713904,-0.03131591060055605,-0.04577050556421902,0,0.13561905650188955,0.05836432250653445,0.06953348556282239,0.00695964587187925,0.5081830426980407
-1.0572943659606426,-0.504690469527476,-0.13935872851318204,-0.07689881110960112,-0.06635969619473148,-0.0643456075102262,-0.06490254583162465,-0.06506785602844793,-0.06612312148832666,-0.06608362590100055,-0.09069478103305428,-0.13561905650188955,0,-0.018890411488820646,0.03649070009328881,-0.035926824338124184,0.6013240392470784
-0.9745109215414531,-0.4610587294427846,-0.12497244305845454,-0.06731988884975895,-0.05688746200767013,-0.053941105135345335,-0.052932123357275325,-0.0510748114422365,-0.0491204148928972,-0.04484011655354525,-0.05416638352576264,-0.05836432250653445,0.018890411488820646,0,0.09187181167539826,-0.04444503076277595,0.8080621894923782
-0.9114652708367349,-0.43265973576837025,-0.1222140571098665,-0.06955188183390798,-0.060385896974442944,-0.0581556280842401,-0.05779958439704069,-0.05690295433268818,-0.056245647689980714,-0.05424645557791585,-0.06359274056317155,-0.06953348556282239,-0.03649070009328881,-0.09187181167539826,0,-0.18076187320095016,1.166157378400868
-0.8386501279008892,-0.38884390655627593,-0.09890821631672676,-0.0486924022476698,-0.03846337241304357,-0.03426387795572108,-0.03129275577504171,-0.02719485089098339,-0.02238743041984773,-0.015078400781438184,-0.014721817810347204,-0.00695964587187925,0.035926824338124184,0.04444503076277595,0.18076187320095016,0,2.5130766300026863
-0.9433017842822515,-0.5304594214527033,-0.27134881729429533,-0.23826041976728646,-0.24468114387884712,-0.25961049177817247,-0.2794711431978062,-0.3034039374589504,-0.33372358036770255,-0.37193529067018793,-0.4311142865090704,-0.5081830426980407,-0.6013240392470784,-0.8080621894923782,-1.166157378400868,-2.5130766300026863,0
