0,7.115554663947544,5.636399335736289,3.9924088152797683,3.037776749622884,2.455444520647431,2.0519289113444743,1.7658651274263888,1.5502501739652128,1.386078413678118,1.2495118999506274,1.145272500551608,1.0562867279948618,0.9710809141574835,0.9077420319589459,0.8367217572744117,0.7709655640654176
-7.115554663947544,0,4.157244007525034,2.4308358909458803,1.678517444847997,1.2904169848224025,1.0392037608238605,0.8742502046728627,0.7552066753963083,0.6698938823944395,0.5977293706176368,0.5482442842120144,0.5054441883627997,0.45904143500831185,0.43021798334443834,0.3882336925120451,0.3479929574066091
-5.636399335736289,-4.157244007525034,0,0.7044277743667262,0.4391541635094782,0.3348079772548586,0.259693699148567,0.21765144410242848,0.18820045337485394,0.17170100737578306,0.152790041004212,0.1472443149550122,0.14026420644657628,0.12284120114315526,0.11963248132938868,0.09830982212643054,0.0759035966838645
-3.9924088152797683,-2.4308358909458803,-0.7044277743667262,0,0.17388055265223024,0.14999807869892479,0.11144900740918058,0.09595736153635404,0.0849549891764795,0.08291321287729254,0.07398465052385284,0.07759638252854795,0.0775793655665596,0.06468254382079816,0.0664692728714489,0.047799992773072564,0.02755558301595206
-3.037776749622884,-1.678517444847997,-0.4391541635094782,-0.17388055265223024,0,0.12611560474561934,0.08023323478765576,0.06998296449772863,0.06272359830754182,0.064719744922305,0.0573353335024566,0.06384150108230761,0.06554171718085078,0.05254943172841683,0.05572814489337077,0.03633812369314914,0.015361835546262212
-2.455444520647431,-1.2904169848224025,-0.3348079772548586,-0.14999807869892479,-0.12611560474561934,0,0.034350864829692185,0.041916644373783285,0.04159292949484931,0.04937077996647643,0.04357927925382406,0.053462483805089,0.056888304671598125,0.04335366010126651,0.047907316020898705,0.02736037558790212,0.005293311073593382
-2.0519289113444743,-1.0392037608238605,-0.259693699148567,-0.11144900740918058,-0.08023323478765576,-0.034350864829692185,0,0.049482423917874385,0.04521396182742787,0.054377418345404514,0.04588638285985702,0.057284807600168366,0.06064454464524912,0.044639773711491415,0.04960187241979952,0.026583654561036556,0.0023875556979835013
-1.7658651274263888,-0.8742502046728627,-0.21765144410242848,-0.09595736153635404,-0.06998296449772863,-0.041916644373783285,-0.049482423917874385,0,0.04094549973698136,0.056824915559169575,0.04468770250718457,0.05923540352074186,0.06287696879072406,0.04383266534376092,0.04961893649150311,0.023721308391431828,-0.0028452074375599303
-1.5502501739652128,-0.7552066753963083,-0.18820045337485394,-0.0849549891764795,-0.06272359830754182,-0.04159292949484931,-0.04521396182742787,-0.04094549973698136,0,0.07270433138135779,0.04655880389228617,0.06533203811532869,0.06835983605415974,0.04441009846511683,0.0510645092839234,0.021260709627781895,-0.008319045834377592
-1.386078413678118,-0.6698938823944395,-0.17170100737578306,-0.08291321287729254,-0.064719744922305,-0.04937077996647643,-0.054377418345404514,-0.056824915559169575,-0.07270433138135779,0,0.020413276403214553,0.06164589148231414,0.06691167094509372,0.03733654023605659,0.04673654486443653,0.012686772668852578,-0.019893814008054074
-1.2495118999506274,-0.5977293706176368,-0.152790041004212,-0.07398465052385284,-0.0573353335024566,-0.04357927925382406,-0.04588638285985702,-0.04468770250718457,-0.04655880389228617,-0.020413276403214553,0,0.10287850656141373,0.09016086821603331,0.04297762818033727,0.05331736197974202,0.011141471921980183,-0.02661166240993218
-1.145272500551608,-0.5482442842120144,-0.1472443149550122,-0.07759638252854795,-0.06384150108230761,-0.053462483805089,-0.057284807600168366,-0.05923540352074186,-0.06533203811532869,-0.06164589148231414,-0.10287850656141373,0,0.07744322987065289,0.013027188989799043,0.03679698045251811,-0.011792786737878203,-0.05250969620420136
-1.0562867279948618,-0.5054441883627997,-0.14026420644657628,-0.0775793655665596,-0.06554171718085078,-0.056888304671598125,-0.06064454464524912,-0.06287696879072406,-0.06835983605415974,-0.06691167094509372,-0.09016086821603331,-0.07744322987065289,0,-0.0513888518910548,0.016473855743450727,-0.041538125607388565,-0.08499792772291492
-0.9710809141574835,-0.45904143500831185,-0.12284120114315526,-0.06468254382079816,-0.05254943172841683,-0.04335366010126651,-0.044639773711491415,-0.04383266534376092,-0.04441009846511683,-0.03733654023605659,-0.04297762818033727,-0.013027188989799043,0.0513888518910548,0,0.08433656337795625,-0.03661276246555545,-0.09620095300020164
-0.9077420319589459,-0.43021798334443834,-0.11963248132938868,-0.0664692728714489,-0.05572814489337077,-0.047907316020898705,-0.04960187241979952,-0.04961893649150311,-0.0510645092839234,-0.04673654486443653,-0.05331736197974202,-0.03679698045251811,-0.016473855743450727,-0.08433656337795625,0,-0.15756208830906715,-0.18646971118928057
-0.8367217572744117,-0.3882336925120451,-0.09830982212643054,-0.047799992773072564,-0.03633812369314914,-0.02736037558790212,-0.026583654561036556,-0.023721308391431828,-0.021260709627781895,-0.012686772668852578,-0.011141471921980183,0.011792786737878203,0.041538125607388565,0.03661276246555545,0.15756208830906715,0,-0.215377334069494
-0.7709655640654176,-0.3479929574066091,-0.0759035966838645,-0.02755558301595206,-0.015361835546262212,-0.005293311073593382,-0.0023875556979835013,0.0028452074375599303,0.008319045834377592,0.019893814008054074,0.02661166240993218,0.05250969620420136,0.08499792772291492,0.09620095300020164,0.18646971118928057,0.215377334069494,0
