0,7.144882337908628,5.501143721400158,3.9531059358471285,3.043974213313578,2.452392400039188,2.0519523772717756,1.7663803058687102,1.550100867599812,1.3899494504208945,1.2536742879793272,1.1434004987886104,1.051495536719924,0.9781115270840247,0.8957435280903615,0.8109219465168968,0.8805901417569119
-7.144882337908628,0,3.857405104891688,2.3572177348163788,1.6770048384485612,1.279269915571828,1.033366385144405,0.869963300528724,0.7508463718414097,0.6705828394849278,0.5990956157649604,0.5432523148766085,0.4975512820664054,0.4642139595153078,0.4150405427197257,0.3584962042746302,0.4629706620134641
-5.501143721400158,-3.857405104891688,0,0.8570303647410693,0.5868047052269976,0.41989151913187445,0.3273567052075843,0.2724749396561311,0.23308658299969665,0.2153225158553906,0.19180692962411938,0.17501311598604413,0.16156589978387714,0.1557420372083641,0.12817682920539544,0.08934936576562572,0.2205110589507338
-3.9531059358471285,-2.3572177348163788,-0.8570303647410693,0,0.31657904571292583,0.20132209632727704,0.15079881869642264,0.12633608338489655,0.10829782665142211,0.10837120770777749,0.09677501032169797,0.08976095989166599,0.08429207034418912,0.0856132044550936,0.06191741688397056,0.025375949184338758,0.1715480354284003
-3.043974213313578,-1.6770048384485612,-0.5868047052269976,-0.31657904571292583,0,0.08606514694162826,0.06790870518817105,0.06292176260888678,0.05622752188604618,0.06672964010674783,0.060141004423159984,0.057358376202914584,0.055256198423097036,0.05995033320422335,0.03645125400107503,-0.0010970595909873412,0.15946211790468987
-2.452392400039188,-1.279269915571828,-0.41989151913187445,-0.20132209632727704,-0.08606514694162826,0,0.04975226343471384,0.05135007044251605,0.04628164686751882,0.061895763398027714,0.05495617591946633,0.052573914413128975,0.050854920063306865,0.05668598148704773,0.03093859922990245,-0.009813280244248901,0.16613456981042274
-2.0519523772717756,-1.033366385144405,-0.3273567052075843,-0.15079881869642264,-0.06790870518817105,-0.04975226343471384,0,0.05294787745031826,0.04454633858392132,0.06594359671913234,0.056257154040654456,0.053138244608812,0.05103869616807236,0.05767651263738115,0.028586891204301024,-0.016431673986355873,0.17777280044799362
-1.7663803058687102,-0.869963300528724,-0.2724749396561311,-0.12633608338489655,-0.06292176260888678,-0.05135007044251605,-0.05294787745031826,0,0.03614479971752438,0.07244145635353938,0.05736024623743319,0.05318583639843544,0.050656859911623185,0.05846461850189163,0.025106750312012847,-0.02510411791594014,0.19164223633662422
-1.550100867599812,-0.7508463718414097,-0.23308658299969665,-0.10829782665142211,-0.05622752188604618,-0.04628164686751882,-0.04454633858392132,-0.03614479971752438,0,0.10873811298955438,0.06796796949738759,0.058866181958739126,0.05428487496014789,0.06292858225876508,0.023267075411094258,-0.033853963292149354,0.2110794159140117
-1.3899494504208945,-0.6705828394849278,-0.2153225158553906,-0.10837120770777749,-0.06672964010674783,-0.061895763398027714,-0.06594359671913234,-0.07244145635353938,-0.10873811298955438,0,0.027197826005220804,0.033930216443331496,0.03613379561701239,0.05147619957606775,0.006172867895402234,-0.05761930933909998,0.22569960204607703
-1.2536742879793272,-0.5990956157649604,-0.19180692962411938,-0.09677501032169797,-0.060141004423159984,-0.05495617591946633,-0.056257154040654456,-0.05736024623743319,-0.06796796949738759,-0.027197826005220804,0,0.04066260688144219,0.040601780422908185,0.05956899076635006,0.0009166283679475917,-0.07458273640796413,0.2587832313862197
-1.1434004987886104,-0.5432523148766085,-0.17501311598604413,-0.08976095989166599,-0.057358376202914584,-0.052573914413128975,-0.053138244608812,-0.05318583639843544,-0.058866181958739126,-0.033930216443331496,-0.04066260688144219,0,0.04054095396437418,0.069022182708804,-0.012332031136550606,-0.10339407223031571,0.30240735628717524
-1.051495536719924,-0.4975512820664054,-0.16156589978387714,-0.08429207034418912,-0.055256198423097036,-0.050854920063306865,-0.05103869616807236,-0.050656859911623185,-0.05428487496014789,-0.03613379561701239,-0.040601780422908185,-0.04054095396437418,0,0.09750341145323382,-0.038768523687013,-0.15137241429521234,0.3678739568678755
-0.9781115270840247,-0.4642139595153078,-0.1557420372083641,-0.0856132044550936,-0.05995033320422335,-0.05668598148704773,-0.05767651263738115,-0.05846461850189163,-0.06292858225876508,-0.05147619957606775,-0.05956899076635006,-0.069022182708804,-0.09750341145323382,0,-0.17504045882725983,-0.27581032716943543,0.45799747200608937
-0.8957435280903615,-0.4150405427197257,-0.12817682920539544,-0.06191741688397056,-0.03645125400107503,-0.03093859922990245,-0.028586891204301024,-0.025106750312012847,-0.023267075411094258,-0.006172867895402234,-0.0009166283679475917,0.012332031136550606,0.038768523687013,0.17504045882725983,0,-0.37658019551161104,0.774516437422764
-0.8109219465168968,-0.3584962042746302,-0.08934936576562572,-0.025375949184338758,0.0010970595909873412,0.009813280244248901,0.016431673986355873,0.02510411791594014,0.033853963292149354,0.05761930933909998,0.07458273640796413,0.10339407223031571,0.15137241429521234,0.27581032716943543,0.37658019551161104,0,1.925613070357139
-0.8805901417569119,-0.4629706620134641,-0.2205110589507338,-0.1715480354284003,-0.15946211790468987,-0.16613456981042274,-0.17777280044799362,-0.19164223633662422,-0.2110794159140117,-0.22569960204607703,-0.2587832313862197,-0.30240735628717524,-0.3678739568678755,-0.45799747200608937,-0.774516437422764,-1.925613070357139,0
