0,7.146500691328873,5.552773831391865,4.000248115688923,3.038019295586576,2.44459426226821,2.053080707914449,1.763266917526103,1.5540954613475124,1.389106586739577,1.2534520463667955,1.1410146922420696,1.0468206796741522,0.9731422977492509,0.9155427746104484,0.8631233854933782,0.7962616251578233
-7.146500691328873,0,3.959046971454857,2.427121827868949,1.6685254970058103,1.2691176550030447,1.0343967112315642,0.8660612885589748,0.7551804284930324,0.6694323236659152,0.5986688635932312,0.5404660923333893,0.4923043149782684,0.45869576495094905,0.43623831947826197,0.4143107207908429,0.3729123540797533
-5.552773831391865,-3.959046971454857,0,0.8951966842830412,0.523264759781287,0.37247454951910736,0.30323414617574107,0.24746415197979843,0.22120267133272828,0.19948737398178068,0.17862160011052808,0.16062377243100398,0.14563004933060952,0.14048201890513923,0.14267093181354573,0.14163870150899568,0.11675988141010306
-4.000248115688923,-2.427121827868949,-0.8951966842830412,0,0.15133283527953267,0.11111348213714045,0.10591330013997435,0.08553101890398773,0.08640386874266567,0.08353582226490393,0.0762537309430262,0.06880215844949933,0.06234486766922823,0.06501055236734903,0.07425949977086432,0.07884220294449189,0.056880127342953966
-3.038019295586576,-1.6685254970058103,-0.523264759781287,-0.15133283527953267,0,0.07089412899474823,0.0832035325701952,0.06359708011213942,0.07017162710844893,0.06997641966197818,0.06374054688694179,0.05701206175949457,0.05122137171794017,0.05541918759932862,0.06655216621999749,0.07225214545948817,0.04900906834823907
-2.44459426226821,-1.2691176550030447,-0.37247454951910736,-0.11111348213714045,-0.07089412899474823,0,0.09551293614564216,0.05994855567083501,0.06993079314634916,0.06974699232878567,0.0623098304653805,0.054698383886952286,0.0484109778212533,0.05348481992490117,0.06606972591169186,0.07238794710596216,0.047019517380374604
-2.053080707914449,-1.0343967112315642,-0.30323414617574107,-0.10591330013997435,-0.0832035325701952,-0.09551293614564216,0,0.02438417519602787,0.05713972164670267,0.06115834438983351,0.054009054045315086,0.04653547343521432,0.040560651433855156,0.04748080332193817,0.06238932463244806,0.06981850387933106,0.04217017550384785
-1.763266917526103,-0.8660612885589748,-0.24746415197979843,-0.08553101890398773,-0.06359708011213942,-0.05994855567083501,-0.02438417519602787,0,0.08989526809737747,0.07954542898673633,0.06388401366174416,0.052073297995010925,0.04379594668142062,0.05133024134292322,0.06781863169479381,0.07549779496474396,0.04414639776027229
-1.5540954613475124,-0.7551804284930324,-0.22120267133272828,-0.08640386874266567,-0.07017162710844893,-0.06993079314634916,-0.05713972164670267,-0.08989526809737747,0,0.0691955898760952,0.050878386443927504,0.03946597462755541,0.032271116327431404,0.04361723599203238,0.0641391922943632,0.07344101308865346,0.03842778896813415
-1.389106586739577,-0.6694323236659152,-0.19948737398178068,-0.08353582226490393,-0.06997641966197818,-0.06974699232878567,-0.06115834438983351,-0.07954542898673633,-0.0691955898760952,0,0.03256118301175981,0.024601167003285518,0.019962958477876807,0.03722264752101667,0.0631279127780168,0.07414858362407983,0.03403238883842542
-1.2534520463667955,-0.5986688635932312,-0.17862160011052808,-0.0762537309430262,-0.06374054688694179,-0.0623098304653805,-0.054009054045315086,-0.06388401366174416,-0.050878386443927504,-0.03256118301175981,0,0.016641150994811227,0.013663846210935304,0.03877646902410229,0.07076959521958104,0.08246606374654383,0.03427758980953636
-1.1410146922420696,-0.5404660923333893,-0.16062377243100398,-0.06880215844949933,-0.05701206175949457,-0.054698383886952286,-0.04653547343521432,-0.052073297995010925,-0.03946597462755541,-0.024601167003285518,-0.016641150994811227,0,0.010686541427059382,0.049844128038747826,0.08881240996117097,0.09892229193447699,0.03780487757248139
-1.0468206796741522,-0.4923043149782684,-0.14563004933060952,-0.06234486766922823,-0.05122137171794017,-0.0484109778212533,-0.040560651433855156,-0.04379594668142062,-0.032271116327431404,-0.019962958477876807,-0.013663846210935304,-0.010686541427059382,0,0.08900171465043627,0.12787534422822677,0.12833420877028287,0.04458446160883689
-0.9731422977492509,-0.45869576495094905,-0.14048201890513923,-0.06501055236734903,-0.05541918759932862,-0.05348481992490117,-0.04748080332193817,-0.05133024134292322,-0.04361723599203238,-0.03722264752101667,-0.03877646902410229,-0.049844128038747826,-0.08900171465043627,0,0.16674897380601728,0.14800045583020616,0.02977871059497043
-0.9155427746104484,-0.43623831947826197,-0.14267093181354573,-0.07425949977086432,-0.06655216621999749,-0.06606972591169186,-0.06238932463244806,-0.06781863169479381,-0.0641391922943632,-0.0631279127780168,-0.07076959521958104,-0.08881240996117097,-0.12787534422822677,-0.16674897380601728,0,0.12925193785439504,-0.038706421010552994
-0.8631233854933782,-0.4143107207908429,-0.14163870150899568,-0.07884220294449189,-0.07225214545948817,-0.07238794710596216,-0.06981850387933106,-0.07549779496474396,-0.07344101308865346,-0.07414858362407983,-0.08246606374654383,-0.09892229193447699,-0.12833420877028287,-0.14800045583020616,-0.12925193785439504,0,-0.20666477987550103
-0.7962616251578233,-0.3729123540797533,-0.11675988141010306,-0.056880127342953966,-0.04900906834823907,-0.047019517380374604,-0.04217017550384785,-0.04414639776027229,-0.03842778896813415,-0.03403238883842542,-0.03427758980953636,-0.03780487757248139,-0.04458446160883689,-0.02977871059497043,0.038706421010552994,0.20666477987550103,0
