0,7.1222777847793095,5.458233208911716,3.9853424607662045,3.0284783725319535,2.4447813220225716,2.0476502005680235,1.7647593020169843,1.5494628191286577,1.3827844081702416,1.2473424652285348,1.1370340344339258,1.0475911035597076,0.9825135028090788,0.9149773942442844,0.8839921042588987,0.7925214151746922
-7.1222777847793095,0,3.794188633044123,2.4168747987596517,1.6638785684495014,1.275407206333387,1.0327246837257662,0.8718395548899301,0.7533463954642788,0.6653477360941081,0.5945718741673375,0.5385096593993874,0.4953468598124711,0.47086647931155956,0.43749274881851313,0.4384002699360122,0.3705376572010511
-5.458233208911716,-3.794188633044123,0,1.0395609644751804,0.5987235361521908,0.43581339742980835,0.3423586963961771,0.2873697392590916,0.24653935586763817,0.21837046510124886,0.19461977930773933,0.17676755121663904,0.1654626824893059,0.16874628351769017,0.15776809179971232,0.1802627035430806,0.12599115892654592
-3.9853424607662045,-2.4168747987596517,-1.0395609644751804,0,0.1578861078292011,0.13393961390712228,0.10995794036984267,0.09932193295506941,0.08793503414612971,0.08150538187226027,0.0739138957123906,0.06891837455932137,0.06834065115754208,0.08166481542194112,0.07760510337466978,0.10865451513207229,0.05571655849972788
-3.0284783725319535,-1.6638785684495014,-0.5987235361521908,-0.1578861078292011,0,0.10999311998504346,0.08599385664016346,0.07980054133035885,0.07044726572536186,0.0662292366808721,0.05991852702625552,0.05620869837790998,0.0571474690735847,0.07319578293224557,0.06957700292921665,0.10417891579596966,0.04720242938893845
-2.4447813220225716,-1.275407206333387,-0.43581339742980835,-0.13393961390712228,-0.10999311998504346,0,0.06199459329528345,0.06470425200301655,0.057265314305467996,0.055288265854829266,0.049903608434497926,0.0472446281100544,0.049598090371947734,0.06859611580064584,0.065086323256347,0.10359749537706228,0.04149418478929254
-2.0476502005680235,-1.0327246837257662,-0.3423586963961771,-0.10995794036984267,-0.08599385664016346,-0.06199459329528345,0,0.06741391071074965,0.05490067481056027,0.05305282337467787,0.046880862219301545,0.04429463507300859,0.04753200655139178,0.06953919044426904,0.06547278950147994,0.10822004005281549,0.03944414393869344
-1.7647593020169843,-0.8718395548899301,-0.2873697392590916,-0.09932193295506941,-0.07980054133035885,-0.06470425200301655,-0.06741391071074965,0,0.04238743891037089,0.04587227970664198,0.040036512722152175,0.03851481616357333,0.04355562571952021,0.06989340373318893,0.06519548647158427,0.11332080622057372,0.036336392075131646
-1.5494628191286577,-0.7533463954642788,-0.24653935586763817,-0.08793503414612971,-0.07044726572536186,-0.057265314305467996,-0.05490067481056027,-0.04238743891037089,0,0.04935712050291308,0.03886104962804282,0.03722394191464081,0.04384767242180754,0.07539459669775254,0.0689968277317865,0.12345414440774556,0.03558001122072674
-1.3827844081702416,-0.6653477360941081,-0.21837046510124886,-0.08150538187226027,-0.0662292366808721,-0.055288265854829266,-0.05305282337467787,-0.04587227970664198,-0.04935712050291308,0,0.028364978753172565,0.031157352620504675,0.04201118972810569,0.08190396574646241,0.07292476917756119,0.1358036483918843,0.033611852751842974
-1.2473424652285348,-0.5945718741673375,-0.19461977930773933,-0.0739138957123906,-0.05991852702625552,-0.049903608434497926,-0.046880862219301545,-0.040036512722152175,-0.03886104962804282,-0.028364978753172565,0,0.033949726487836784,0.048834295215572254,0.0997502947442257,0.08406471678365834,0.15729138231962664,0.03448633175162138
-1.1370340344339258,-0.5385096593993874,-0.17676755121663904,-0.06891837455932137,-0.05620869837790998,-0.0472446281100544,-0.04429463507300859,-0.03851481616357333,-0.03722394191464081,-0.031157352620504675,-0.033949726487836784,0,0.06371886394330772,0.13265057887242016,0.1007697135489322,0.18812679627757412,0.034593652804378296
-1.0475911035597076,-0.4953468598124711,-0.1654626824893059,-0.06834065115754208,-0.0571474690735847,-0.049598090371947734,-0.04753200655139178,-0.04355562571952021,-0.04384767242180754,-0.04201118972810569,-0.048834295215572254,-0.06371886394330772,0,0.20158229380153259,0.11929513835174443,0.2295961070556629,0.027312350019645937
-0.9825135028090788,-0.47086647931155956,-0.16874628351769017,-0.08166481542194112,-0.07319578293224557,-0.06859611580064584,-0.06953919044426904,-0.06989340373318893,-0.07539459669775254,-0.08190396574646241,-0.0997502947442257,-0.13265057887242016,-0.20158229380153259,0,0.03700798290195628,0.24360301368272808,-0.030777631240982945
-0.9149773942442844,-0.43749274881851313,-0.15776809179971232,-0.07760510337466978,-0.06957700292921665,-0.065086323256347,-0.06547278950147994,-0.06519548647158427,-0.0689968277317865,-0.07292476917756119,-0.08406471678365834,-0.1007697135489322,-0.11929513835174443,-0.03700798290195628,0,0.45019804446349987,-0.06467043831245256
-0.8839921042588987,-0.4384002699360122,-0.1802627035430806,-0.10865451513207229,-0.10417891579596966,-0.10359749537706228,-0.10822004005281549,-0.11332080622057372,-0.12345414440774556,-0.1358036483918843,-0.15729138231962664,-0.18812679627757412,-0.2295961070556629,-0.24360301368272808,-0.45019804446349987,0,-0.579538921088405
-0.7925214151746922,-0.3705376572010511,-0.12599115892654592,-0.05571655849972788,-0.04720242938893845,-0.04149418478929254,-0.03944414393869344,-0.036336392075131646,-0.03558001122072674,-0.033611852751842974,-0.03448633175162138,-0.034593652804378296,-0.027312350019645937,0.030777631240982945,0.06467043831245256,0.579538921088405,0
