0,7.0458705788175555,5.500116648141776,4.012879120188681,3.0337657024222984,2.4476126520567325,2.0501087067347563,1.7658939015873998,1.5521917545272954,1.3829315777771682,1.2540715190345517,1.1424695597038936,1.045110739456834,0.9746440362969081,0.9152999780380481,0.9262063969312897,0.8440577993220127
-7.0458705788175555,0,3.9543627174659965,2.4963833908742434,1.696397410290546,1.298048170366527,1.0509563323181963,0.885897788715707,0.7673804939144011,0.6750642026471197,0.6105382901697736,0.5521294577925274,0.49958711769676845,0.46870849108685414,0.44371762413193216,0.48908752679655637,0.4306036140223099
-5.500116648141776,-3.9543627174659965,0,1.0384040642824903,0.5674147567028207,0.4126099880000371,0.32510473603124623,0.27220480296564914,0.2362167899891352,0.20659298624442307,0.1925602367577457,0.17410354005103082,0.15410955771984564,0.1518308341432957,0.15116386635409343,0.222527896745061,0.1789065352049037
-4.012879120188681,-2.4963833908742434,-1.0384040642824903,0,0.0964254491231511,0.09971294985881052,0.08733829328083154,0.08065498763643886,0.07577933513046417,0.06795780657141186,0.07172540425421074,0.06606597452209839,0.05585461254621846,0.06317351112937626,0.07050566654242099,0.15453821611694188,0.11279134066047397
-3.0337657024222984,-1.696397410290546,-0.5674147567028207,-0.0964254491231511,0,0.10300045059446994,0.08279471535967176,0.07539816714086811,0.07061780663229245,0.06226427806106401,0.06760873010938735,0.06172890672194801,0.05078325797410188,0.05947885135229017,0.06791368828434799,0.15982119493455924,0.11415516495525087
-2.4476126520567325,-1.298048170366527,-0.4126099880000371,-0.09971294985881052,-0.10300045059446994,0,0.06258898012487357,0.0615970254140672,0.05982359197823328,0.05208023492771252,0.06053038601237084,0.05485031607652768,0.043323659028335015,0.054038651447017694,0.06401515913877888,0.16550326936856816,0.11516922989714005
-2.0501087067347563,-1.0509563323181963,-0.32510473603124623,-0.08733829328083154,-0.08279471535967176,-0.06258898012487357,0,0.06060507070326082,0.058440897904913136,0.04857731986199217,0.06001573748424516,0.05330258326685851,0.040112772178911925,0.05281717592160971,0.06419343151551704,0.17693819039564535,0.1204272548743667
-1.7658939015873998,-0.885897788715707,-0.27220480296564914,-0.08065498763643886,-0.07539816714086811,-0.0615970254140672,-0.06060507070326082,0,0.05627672510656545,0.042563444441357845,0.0598192930779066,0.051476961407757926,0.036014312474042146,0.05151919345800119,0.0647060544886965,0.1914798303571934,0.1270741642267118
-1.5521917545272954,-0.7673804939144011,-0.2362167899891352,-0.07577933513046417,-0.07061780663229245,-0.05982359197823328,-0.058440897904913136,-0.05627672510656545,0,0.02885016377615024,0.06159057706357718,0.049877040174822085,0.030948709315911316,0.05056768712828834,0.06611094271905167,0.2107945596787117,0.13592384411673009
-1.3829315777771682,-0.6750642026471197,-0.20659298624442307,-0.06795780657141186,-0.06226427806106401,-0.05208023492771252,-0.04857731986199217,-0.042563444441357845,-0.02885016377615024,0,0.09433099035100412,0.06039047837415801,0.03164822449583168,0.05599706796632287,0.07356309850763196,0.2411186256624719,0.15122008416538435
-1.2540715190345517,-0.6105382901697736,-0.1925602367577457,-0.07172540425421074,-0.06760873010938735,-0.06053038601237084,-0.06001573748424516,-0.0598192930779066,-0.06159057706357718,-0.09433099035100412,0,0.026449966397311897,0.00030684156824545283,0.04321909383809578,0.06837112554678892,0.2704761527247655,0.1607015998011144
-1.1424695597038936,-0.5521294577925274,-0.17410354005103082,-0.06606597452209839,-0.06172890672194801,-0.05485031607652768,-0.05330258326685851,-0.051476961407757926,-0.049877040174822085,-0.06039047837415801,-0.026449966397311897,0,-0.02583628326082099,0.051603657558487726,0.08234484526328127,0.3314826993066289,0.18755192648187488
-1.045110739456834,-0.49958711769676845,-0.15410955771984564,-0.05585461254621846,-0.05078325797410188,-0.043323659028335015,-0.040112772178911925,-0.036014312474042146,-0.030948709315911316,-0.03164822449583168,-0.00030684156824545283,0.02583628326082099,0,0.12904359837779644,0.1364354095253324,0.45058902682911217,0.24089897891754886
-0.9746440362969081,-0.46870849108685414,-0.1518308341432957,-0.06317351112937626,-0.05947885135229017,-0.054038651447017694,-0.05281717592160971,-0.05151919345800119,-0.05056768712828834,-0.05599706796632287,-0.04321909383809578,-0.051603657558487726,-0.12904359837779644,0,0.14382722067286835,0.61136174105477,0.278184105764133
-0.9152999780380481,-0.44371762413193216,-0.15116386635409343,-0.07050566654242099,-0.06791368828434799,-0.06401515913877888,-0.06419343151551704,-0.0647060544886965,-0.06611094271905167,-0.07356309850763196,-0.06837112554678892,-0.08234484526328127,-0.1364354095253324,-0.14382722067286835,0,1.0788962614366717,0.3453625483097653
-0.9262063969312897,-0.48908752679655637,-0.222527896745061,-0.15453821611694188,-0.15982119493455924,-0.16550326936856816,-0.17693819039564535,-0.1914798303571934,-0.2107945596787117,-0.2411186256624719,-0.2704761527247655,-0.3314826993066289,-0.45058902682911217,-0.61136174105477,-1.0788962614366717,0,-0.3881711648171411
-0.8440577993220127,-0.4306036140223099,-0.1789065352049037,-0.11279134066047397,-0.11415516495525087,-0.11516922989714005,-0.1204272548743667,-0.1270741642267118,-0.13592384411673009,-0.15122008416538435,-0.1607015998011144,-0.18755192648187488,-0.24089897891754886,-0.278184105764133,-0.3453625483097653,0.3881711648171411,0
