0,6.99301069130778,5.4933352362412196,3.959718006005876,3.030984241778208,2.4480215363346867,2.052748027216022,1.767260001038709,1.5507773678245964,1.3858240299872822,1.248473766708023,1.1423710862891119,1.0536145641628518,0.9769156014152321,0.8969049175274223,0.8888650103619387,0.7043287019959855
-6.99301069130778,0,3.9936597811746593,2.443071663354924,1.7103087586016839,1.3117742475914136,1.0646954943976703,0.8963015526605305,0.7733154644698559,0.6849256973222199,0.6101918861969389,0.5573071257872451,0.5136694616951311,0.47557434392418646,0.4279737041597025,0.4528546045800929,0.2850832360418659
-5.4933352362412196,-3.9936597811746593,0,0.8924835455351889,0.568633247315196,0.417812403063665,0.3324544227034232,0.2768299069577047,0.23659141168572204,0.21224939962901423,0.18725839932472388,0.17549016407753232,0.1656704297471782,0.1557483950832344,0.13083319774178945,0.1804849756112801,0.020184911389523514
-3.959718006005876,-2.443071663354924,-0.8924835455351889,0,0.24478294909520315,0.18047683182790308,0.14577804842616793,0.12291649731333365,0.10541298491582865,0.09887704197798512,0.08651194986608601,0.08586599139532525,0.08491341688184366,0.08207488003803895,0.06159225703329858,0.12115176145095437,-0.04691498354475844
-3.030984241778208,-1.7103087586016839,-0.568633247315196,-0.24478294909520315,0,0.11617071456060302,0.09627559809165032,0.08229434671937715,0.07057049387098502,0.06969586055454151,0.06013344999456649,0.06316356886677126,0.06492972535517372,0.06399620569835404,0.043273187827108116,0.10991256257420448,-0.07122314459808858
-2.4480215363346867,-1.3117742475914136,-0.417812403063665,-0.18047683182790308,-0.11617071456060302,0,0.07638048162269762,0.06535616279876422,0.05537042030777902,0.058077147053026135,0.04892599708135918,0.05432904458446597,0.05760958404011239,0.05747439209057292,0.035173462634497575,0.10928674737556462,-0.08825894997615145
-2.052748027216022,-1.0646954943976703,-0.3324544227034232,-0.14577804842616793,-0.09627559809165032,-0.07638048162269762,0,0.05433184397483082,0.04486538965031972,0.05197603552980231,0.04206237594602458,0.049918757176819636,0.05448110110968152,0.054773522157412255,0.030022585260972567,0.11294299912588318,-0.10472289313603636
-1.767260001038709,-0.8963015526605305,-0.2768299069577047,-0.12291649731333365,-0.08229434671937715,-0.06535616279876422,-0.05433184397483082,0,0.03539893532580862,0.05079813130728805,0.03797255326975583,0.048815485477316845,0.054510952536651655,0.05484713518784249,0.026549834016135674,0.12026939351976473,-0.12239564170391048
-1.5507773678245964,-0.7733154644698559,-0.23659141168572204,-0.10541298491582865,-0.07057049387098502,-0.05537042030777902,-0.04486538965031972,-0.03539893532580862,0,0.06619732728876748,0.039259362241729434,0.053287668861152916,0.05928895683936242,0.05873677516024926,0.02507498379785685,0.13239374469032988,-0.14211996383262537
-1.3858240299872822,-0.6849256973222199,-0.21224939962901423,-0.09887704197798512,-0.06969586055454151,-0.058077147053026135,-0.05197603552980231,-0.05079813130728805,-0.06619732728876748,0,0.012321397194691386,0.04683283964734564,0.056986166689560726,0.05687163712811971,0.016850515099674723,0.14342648092392363,-0.1718795768499672
-1.248473766708023,-0.6101918861969389,-0.18725839932472388,-0.08651194986608601,-0.06013344999456649,-0.04892599708135918,-0.04206237594602458,-0.03797255326975583,-0.039259362241729434,-0.012321397194691386,0,0.08134428209999989,0.0793185514369954,0.07172171710592916,0.017982794575920558,0.16964749766977008,-0.20257973919074365
-1.1423710862891119,-0.5573071257872451,-0.17549016407753232,-0.08586599139532525,-0.06316356886677126,-0.05432904458446597,-0.049918757176819636,-0.048815485477316845,-0.053287668861152916,-0.04683283964734564,-0.08134428209999989,0,0.07729282077399091,0.06691043460889379,-0.003137701265439219,0.19172330156221262,-0.25936454344889237
-1.0536145641628518,-0.5136694616951311,-0.1656704297471782,-0.08491341688184366,-0.06492972535517372,-0.05760958404011239,-0.05448110110968152,-0.054510952536651655,-0.05928895683936242,-0.056986166689560726,-0.0793185514369954,-0.07729282077399091,0,0.056528048443796663,-0.043352962285154284,0.22986679515828654,-0.34352888450461316
-0.9769156014152321,-0.47557434392418646,-0.1557483950832344,-0.08207488003803895,-0.06399620569835404,-0.05747439209057292,-0.054773522157412255,-0.05484713518784249,-0.05873677516024926,-0.05687163712811971,-0.07172171710592916,-0.06691043460889379,-0.056528048443796663,0,-0.14323397301410523,0.31653616851553146,-0.4768811954874164
-0.8969049175274223,-0.4279737041597025,-0.13083319774178945,-0.06159225703329858,-0.043273187827108116,-0.035173462634497575,-0.030022585260972567,-0.026549834016135674,-0.02507498379785685,-0.016850515099674723,-0.017982794575920558,0.003137701265439219,0.043352962285154284,0.14323397301410523,0,0.7763063100451681,-0.643704806724072
-0.8888650103619387,-0.4528546045800929,-0.1804849756112801,-0.12115176145095437,-0.10991256257420448,-0.10928674737556462,-0.11294299912588318,-0.12026939351976473,-0.13239374469032988,-0.14342648092392363,-0.16964749766977008,-0.19172330156221262,-0.22986679515828654,-0.31653616851553146,-0.7763063100451681,0,-2.0637159234933122
-0.7043287019959855,-0.2850832360418659,-0.020184911389523514,0.04691498354475844,0.07122314459808858,0.08825894997615145,0.10472289313603636,0.12239564170391048,0.14211996383262537,0.1718795768499672,0.20257973919074365,0.25936454344889237,0.34352888450461316,0.4768811954874164,0.643704806724072,2.0637159234933122,0
