0,7.017310802505442,5.495610182950935,3.9727733104292895,3.0390591730051737,2.4454017609666563,2.046351657202531,1.7639626337719965,1.5494955672852817,1.3833803895881907,1.24951027478444,1.1399206673555826,1.0505428802035772,0.9658777104179583,0.9132702893770933,0.8835048576732166,0.7446087377929353
-7.017310802505442,0,3.973909563396429,2.4505045643912133,1.7129752965050844,1.3024245005819597,1.0521598281419489,0.8884046056497557,0.7683791051109731,0.6791390879735342,0.6086435494821063,0.5521816538405968,0.5081094327215895,0.4615916194106681,0.4437287114441434,0.445375861613772,0.3264286001454349
-5.495610182950935,-3.973909563396429,0,0.9270995653859977,0.582508163059412,0.4119294796438033,0.32172239432832894,0.271303614100421,0.2341240287300638,0.2084575914845492,0.18798529774281603,0.1719896638899488,0.16152941965410558,0.1422899881392353,0.1495469737814529,0.1739501922458753,0.06589424562750677
-3.9727733104292895,-2.4505045643912133,-0.9270995653859977,0,0.2379167607328263,0.15434443677270604,0.11993000397577269,0.10735462627902681,0.09552892139887703,0.08868392916764112,0.0823975452223615,0.07760092620294268,0.0764660701283398,0.06380903041455906,0.0788603745446761,0.11118774448419844,-0.00035231743083868466
-3.0390591730051737,-1.7129752965050844,-0.582508163059412,-0.2379167607328263,0,0.07077211281258577,0.060936625597245886,0.06383391479442697,0.05993196156538971,0.05883736285460408,0.05647767597061737,0.054698664127245014,0.056284733802778986,0.04446372704586269,0.0629547359258611,0.09966692482523226,-0.020208073944477434
-2.4454017609666563,-1.3024245005819597,-0.4119294796438033,-0.15434443677270604,-0.07077211281258577,0,0.051101138381906,0.06036481578534758,0.05631857781632436,0.05585367536510866,0.05361878860222369,0.052019756013021556,0.054215108229949446,0.04117517882502231,0.062086138494002796,0.10255640602649692,-0.02847900001330136
-2.046351657202531,-1.0521598281419489,-0.32172239432832894,-0.11993000397577269,-0.060936625597245886,-0.051101138381906,0,0.06962849318878916,0.05892729753353354,0.057437854359509544,0.05424820115730311,0.05220347953924467,0.05473410320462335,0.03975718460261035,0.0634592635080149,0.10827365798700701,-0.036437013852822095
-1.7639626337719965,-0.8884046056497557,-0.271303614100421,-0.10735462627902681,-0.06383391479442697,-0.06036481578534758,-0.06962849318878916,0,0.048226101878277916,0.05134253494486973,0.04912143714680776,0.047847226126858544,0.05175522520779019,0.03477863317158055,0.06257794498219,0.11310430358678425,-0.048222070190778905
-1.5494955672852817,-0.7683791051109731,-0.2341240287300638,-0.09552892139887703,-0.05993196156538971,-0.05631857781632436,-0.05892729753353354,-0.048226101878277916,0,0.05445896801146155,0.04956910478107268,0.047720934209718756,0.05263750604016826,0.032089139430241075,0.06496991883284202,0.12237261811657087,-0.06027809169941101
-1.3833803895881907,-0.6791390879735342,-0.2084575914845492,-0.08868392916764112,-0.05883736285460408,-0.05585367536510866,-0.057437854359509544,-0.05134253494486973,-0.05445896801146155,0,0.04467924155068381,0.044351917308847355,0.05203035204973716,0.026496682284935957,0.0670721089971181,0.13369155980075575,-0.07666910022953566
-1.24951027478444,-0.6086435494821063,-0.18798529774281603,-0.0823975452223615,-0.05647767597061737,-0.05361878860222369,-0.05424820115730311,-0.04912143714680776,-0.04956910478107268,-0.04467924155068381,0,0.0440245930670109,0.055705907299263835,0.02043582919635334,0.07267032585872668,0.15149402345077015,-0.09689382385957224
-1.1399206673555826,-0.5521816538405968,-0.1719896638899488,-0.07760092620294268,-0.054698664127245014,-0.052019756013021556,-0.05220347953924467,-0.047847226126858544,-0.047720934209718756,-0.044351917308847355,-0.0440245930670109,0,0.06738722153151677,0.00864144726102456,0.08221890345596528,0.17836138104670995,-0.12507750724488886
-1.0505428802035772,-0.5081094327215895,-0.16152941965410558,-0.0764660701283398,-0.056284733802778986,-0.054215108229949446,-0.05473410320462335,-0.05175522520779019,-0.05263750604016826,-0.05203035204973716,-0.055705907299263835,-0.06738722153151677,0,-0.05010432700946765,0.08963474441818953,0.21535276755177435,-0.17319368943899027
-0.9658777104179583,-0.4615916194106681,-0.1422899881392353,-0.06380903041455906,-0.04446372704586269,-0.04117517882502231,-0.03975718460261035,-0.03477863317158055,-0.032089139430241075,-0.026496682284935957,-0.02043582919635334,-0.00864144726102456,0.05010432700946765,0,0.2293738158458467,0.34808131483239535,-0.2142234769154978
-0.9132702893770933,-0.4437287114441434,-0.1495469737814529,-0.0788603745446761,-0.0629547359258611,-0.062086138494002796,-0.0634592635080149,-0.06257794498219,-0.06496991883284202,-0.0670721089971181,-0.07267032585872668,-0.08221890345596528,-0.08963474441818953,-0.2293738158458467,0,0.466788813818944,-0.43602212329617007
-0.8835048576732166,-0.445375861613772,-0.1739501922458753,-0.11118774448419844,-0.09966692482523226,-0.10255640602649692,-0.10827365798700701,-0.11310430358678425,-0.12237261811657087,-0.13369155980075575,-0.15149402345077015,-0.17836138104670995,-0.21535276755177435,-0.34808131483239535,-0.466788813818944,0,-1.3388330604112841
-0.7446087377929353,-0.3264286001454349,-0.06589424562750677,0.00035231743083868466,0.020208073944477434,0.02847900001330136,0.036437013852822095,0.048222070190778905,0.06027809169941101,0.07666910022953566,0.09689382385957224,0.12507750724488886,0.17319368943899027,0.2142234769154978,0.43602212329617007,1.3388330604112841,0
