0,1.8300700416770692,1.8331536159816582,1.8372905012055971,1.8499394382011662,1.862354758791095,1.830634038540234
-1.8300700416770692,0,1.836237190286247,1.840900730969861,1.8565625703758653,1.8704259380696013,1.8307468379128669
-1.8331536159816582,-1.836237190286247,0,1.8455642716534748,1.8667252604206743,1.8818221873307195,1.829374249819522
-1.8372905012055971,-1.840900730969861,-1.8455642716534748,0,1.8878862491878738,1.8999511451693416,1.8239775758748709
-1.8499394382011662,-1.8565625703758653,-1.8667252604206743,-1.8878862491878738,0,1.9120160411508094,1.7920232392183695
-1.862354758791095,-1.8704259380696013,-1.8818221873307195,-1.8999511451693416,-1.9120160411508094,0,1.6720304372859296
-1.830634038540234,-1.8307468379128669,-1.829374249819522,-1.8239775758748709,-1.7920232392183695,-1.6720304372859296,0
