0,1.8322346730538213,1.8342535251738368,1.8392287170888313,1.834136747274525,1.8110010502038403,1.7075615993016262
-1.8322346730538213,0,1.8362723772938523,1.8427257391063363,1.8347707720147595,1.805692644491345,1.6826269845511874
-1.8342535251738368,-1.8362723772938523,0,1.8491791009188203,1.834019969375213,1.7954994002238427,1.644215636365521
-1.8392287170888313,-1.8427257391063363,-1.8491791009188203,0,1.8188608378316058,1.7686595498763538,1.5758944815144211
-1.834136747274525,-1.8347707720147595,-1.834019969375213,-1.8188608378316058,0,1.7184582619211017,1.4544113033558288
-1.8110010502038403,-1.805692644491345,-1.7954994002238427,-1.7686595498763538,-1.7184582619211017,0,1.1903643447905559
-1.7075615993016262,-1.6826269845511874,-1.644215636365521,-1.5758944815144211,-1.4544113033558288,-1.1903643447905559,0
