0,-1.5033948834047685e-08,1.3115643249254796e-08,-0.06991184632040177,-0.08548071956493877,-0.08837579484809248,-0.08205932521566325,-0.07653194900715883,-0.07023611621406264,-0.06483287396649796,-0.059831216850114964,-0.05543872194370448,-0.051962168331693405,-0.04923959020419041,-0.046372200080709296,-0.041820669859376776,-0.03887591017263353,-0.03464302287599233,-0.027288120690939863
-1.5033948834047685e-08,0,2.9539076173313723e-08,-0.11977731705289714,-0.12223334840455598,-0.11382792967868403,-0.09749923796354697,-0.08604661405707807,-0.07554735433788894,-0.06746354382317807,-0.06061841912083524,-0.05499422498009267,-0.050780146855214474,-0.04763853888229523,-0.044405206983831325,-0.03924469097726607,-0.03608287931532961,-0.031464573136507926,-0.02332227147621061
1.3115643249254796e-08,2.9539076173313723e-08,0,-0.2618868761842436,-0.17770802636289804,-0.1381618288270219,-0.10402243279034215,-0.08535300857602475,-0.07095860314521625,-0.06120916310953863,-0.05361403274076921,-0.047792811177570074,-0.043780410188179665,-0.04102632604260075,-0.03807345703786847,-0.03278150112037674,-0.029881023242370002,-0.025251067651766598,-0.01659279752223594
-0.06991184632040177,-0.11977731705289714,-0.2618868761842436,0,-0.07206344609622439,-0.06860162378570409,-0.047198138704112914,-0.04154089705089625,-0.03548854094623198,-0.032184575045095386,-0.029302480880626713,-0.02712333421202662,-0.026102286931228527,-0.025792144903784304,-0.0246367257567321,-0.020334297332052893,-0.018651759984649074,-0.014749254399788402,-0.0061458719559718605
-0.08548071956493877,-0.12223334840455598,-0.17770802636289804,-0.07206344609622439,0,-0.06480860150250219,-0.03027054163481407,-0.029887016162912696,-0.025753140990331623,-0.024406156202163107,-0.022773469163446473,-0.021569399124158485,-0.02148095284838105,-0.021978744133597183,-0.02124157757548659,-0.016673376497527988,-0.015244608068116196,-0.011191714027861448,-0.0017820585568442526
-0.08837579484809248,-0.11382792967868403,-0.1381618288270219,-0.06860162378570409,-0.06480860150250219,0,0.005664895190806083,-0.017523679363039526,-0.017313636219289674,-0.018707880805935433,-0.01834898193190061,-0.018004720867386824,-0.018751107963545,-0.01994590351073272,-0.01943315615675537,-0.014272664165720325,-0.012972860341584779,-0.008581212042462887,0.001918191411153369
-0.08205932521566325,-0.09749923796354697,-0.10402243279034215,-0.047198138704112914,-0.03027054163481407,0.005664895190806083,0,-2.126818560940742,-0.025226067975678754,-0.023443352761257693,-0.02107598296604958,-0.019722866777861198,-0.02021947504121011,-0.021381218549853035,-0.020442747624448504,-0.013969916540714182,-0.012467690690552992,-0.0073655277267430305,0.004689865961477049
-0.07653194900715883,-0.08604661405707807,-0.08535300857602475,-0.04154089705089625,-0.029887016162912696,-0.017523679363039526,-2.126818560940742,0,-0.008640920670488599,-0.01662755851820723,-0.016395102918039327,-0.016317637114369905,-0.01809618548266797,-0.020194097065677145,-0.01928941543407426,-0.011521284494927722,-0.010182164345875492,-0.004502633266279564,0.00919549587426735
-0.07023611621406264,-0.07554735433788894,-0.07095860314521625,-0.03548854094623198,-0.025753140990331623,-0.017313636219289674,-0.025226067975678754,-0.008640920670488599,0,-0.024793979515460925,-0.018993315053163567,-0.017590673130632017,-0.01961065406071328,-0.02195352612473518,-0.020291412333084104,-0.010208141463345423,-0.00884449397862048,-0.0022315557818791522,0.013648530754671083
-0.06483287396649796,-0.06746354382317807,-0.06120916310953863,-0.032184575045095386,-0.024406156202163107,-0.018707880805935433,-0.023443352761257693,-0.01662755851820723,-0.024793979515460925,0,-0.013044322139258584,-0.014626943487796558,-0.019155313237300315,-0.022655082451696323,-0.020182103713339936,-0.00707720344778863,-0.006145233271950821,0.0013947894731864848,0.019784340319304258
-0.059831216850114964,-0.06061841912083524,-0.05361403274076921,-0.029302480880626713,-0.022773469163446473,-0.01834898193190061,-0.02107598296604958,-0.016395102918039327,-0.018993315053163567,-0.013044322139258584,0,-0.016240764105138094,-0.022810165493958257,-0.026341327538053915,-0.021389019621283634,-0.0032823302199659374,-0.003178710758158541,0.005546328768395864,0.027088267097904545
-0.05543872194370448,-0.05499422498009267,-0.047792811177570074,-0.02712333421202662,-0.021569399124158485,-0.018004720867386824,-0.019722866777861198,-0.016317637114369905,-0.017590673130632017,-0.014626943487796558,-0.016240764105138094,0,-0.02958315593021457,-0.03110616938950572,-0.02120141315344832,0.0043988718156268,0.0019035831164749622,0.01165821403033483,0.03687787042275107
-0.051962168331693405,-0.050780146855214474,-0.043780410188179665,-0.026102286931228527,-0.02148095284838105,-0.018751107963545,-0.02021947504121011,-0.01809618548266797,-0.01961065406071328,-0.019155313237300315,-0.022810165493958257,-0.02958315593021457,0,-0.032693740502404596,-0.014845306629309891,0.020624188025475852,0.010431544266196396,0.020462648700942557,0.04985996539136064
-0.04923959020419041,-0.04763853888229523,-0.04102632604260075,-0.025792144903784304,-0.021978744133597183,-0.01994590351073272,-0.021381218549853035,-0.020194097065677145,-0.02195352612473518,-0.022655082451696323,-0.026341327538053915,-0.03110616938950572,-0.032693740502404596,0,0.00335668516214214,0.049761893465693124,0.01973876043462046,0.029800504589145807,0.06491573121059645
-0.046372200080709296,-0.044405206983831325,-0.03807345703786847,-0.0246367257567321,-0.02124157757548659,-0.01943315615675537,-0.020442747624448504,-0.01928941543407426,-0.020291412333084104,-0.020182103713339936,-0.021389019621283634,-0.02120141315344832,-0.014845306629309891,0.00335668516214214,0,0.09325084778700911,0.015350660313749383,0.03235524991882732,0.07916832181569534
-0.041820669859376776,-0.03924469097726607,-0.03278150112037674,-0.020334297332052893,-0.016673376497527988,-0.014272664165720325,-0.013969916540714182,-0.011521284494927722,-0.010208141463345423,-0.00707720344778863,-0.0032823302199659374,0.0043988718156268,0.020624188025475852,0.049761893465693124,0.09325084778700911,0,-0.06090949030219093,0.018281064989044384,0.09423433840739694
-0.03887591017263353,-0.03608287931532961,-0.029881023242370002,-0.018651759984649074,-0.015244608068116196,-0.012972860341584779,-0.012467690690552992,-0.010182164345875492,-0.00884449397862048,-0.006145233271950821,-0.003178710758158541,0.0019035831164749622,0.010431544266196396,0.01973876043462046,0.015350660313749383,-0.06090949030219093,0,0.09563620960132224,0.1616969875517197
-0.03464302287599233,-0.031464573136507926,-0.025251067651766598,-0.014749254399788402,-0.011191714027861448,-0.008581212042462887,-0.0073655277267430305,-0.004502633266279564,-0.0022315557818791522,0.0013947894731864848,0.005546328768395864,0.01165821403033483,0.020462648700942557,0.029800504589145807,0.03235524991882732,0.018281064989044384,0.09563620960132224,0,0.2152393217344696
-0.027288120690939863,-0.02332227147621061,-0.01659279752223594,-0.0061458719559718605,-0.0017820585568442526,0.001918191411153369,0.004689865961477049,0.00919549587426735,0.013648530754671083,0.019784340319304258,0.027088267097904545,0.03687787042275107,0.04985996539136064,0.06491573121059645,0.07916832181569534,0.09423433840739694,0.1616969875517197,0.2152393217344696,0
