0,1.0,9.951206212379546e-09,1.8490200443002622e-08,1.438273089023769e-07,4.1868111425693964e-08,4.559151774393878e-09,2.298710933599079e-09,9.997436586222454e-10,5.6488165467204895e-09,6.141697450402472e-08,1.7030885890900706e-08,2.5167346218401803e-10,2.9201826081138725e-08,3.2380681916394374e-09,1.5085161253194133e-08,1.107173870946663e-08,8.818911716292776e-10,7.429099824963166e-09
1.0,0,-2.544995896609184e-09,-0.17604102451170742,-0.22932290689668386,-0.24331084208435827,-0.24732943607146285,-0.24463409119338955,-0.2401281203821121,-0.2369943441287613,-0.23480746614390516,-0.23383264365337322,-0.231583666349999,-0.22788154588639928,-0.22759704686169843,-0.2262237938970455,-0.22987559356343296,-0.2466439346556459,-0.2531620810713842
9.951206212379546e-09,-2.544995896609184e-09,0,-0.5883593311876667,-0.5046412081886383,-0.43396625491750696,-0.38839551317335436,-0.35034729834861505,-0.3210869703277494,-0.3018986044188949,-0.28872641580678743,-0.2803797386626252,-0.27130201636583473,-0.26089686159756587,-0.2575116220911762,-0.25278042994302036,-0.2569983065945143,-0.28303633342850926,-0.291578167862417
1.8490200443002622e-08,-0.17604102451170742,-0.5883593311876667,0,-0.34089656307409805,-0.2697459298218383,-0.24239046894717003,-0.21498969107141333,-0.19608837007540958,-0.18906622129024925,-0.18711280265738894,-0.18912654563977102,-0.18696652220842777,-0.18087789731185314,-0.18426112691862287,-0.18422446760312827,-0.19637382699816652,-0.23877161499692426,-0.25401481850694485
1.438273089023769e-07,-0.22932290689668386,-0.5046412081886383,-0.34089656307409805,0,-0.16079066290504512,-0.17112928879591763,-0.15135835186786695,-0.1400970428511511,-0.14360982432084524,-0.15053789757225783,-0.16032936222945046,-0.1617311827689244,-0.15650582244600061,-0.16428989515713127,-0.16644467862995732,-0.18481968310685704,-0.24306256014167224,-0.2630985457054252
4.1868111425693964e-08,-0.24331084208435827,-0.43396625491750696,-0.2697459298218383,-0.16079066290504512,0,-0.18529585073687174,-0.1376179857634536,-0.1239945361883675,-0.13522989874216299,-0.1482345503112303,-0.1633161838514634,-0.16477170722094658,-0.1569161329719439,-0.16758971069204293,-0.17008802723822036,-0.1942034908458196,-0.2700043587410091,-0.29380734507350464
4.559151774393878e-09,-0.24732943607146285,-0.38839551317335436,-0.24239046894717003,-0.17112928879591763,-0.18529585073687174,0,-0.076159521614893,-0.08924591296942294,-0.12410467461760535,-0.1485701733342561,-0.17121020884581106,-0.17151473759765334,-0.15912491281959998,-0.17343235392615,-0.17593482246655007,-0.20714318594480072,-0.3047266501604788,-0.33211556757455074
2.298710933599079e-09,-0.24463409119338955,-0.35034729834861505,-0.21498969107141333,-0.15135835186786695,-0.1376179857634536,-0.076159521614893,0,-0.10536569630886893,-0.15993084802647237,-0.1845560506783641,-0.2073249935073696,-0.19762937547511583,-0.1737641752304323,-0.1906897131091296,-0.1910956501685685,-0.23028311806354115,-0.35486003231084,-0.3847412424122489
9.997436586222454e-10,-0.2401281203821121,-0.3210869703277494,-0.19608837007540958,-0.1400970428511511,-0.1239945361883675,-0.08924591296942294,-0.10536569630886893,0,-0.22619138535842656,-0.22943865409377306,-0.24667336453189317,-0.21773836306330482,-0.17683461014097968,-0.20005111124410543,-0.19869998364183594,-0.24992927840687637,-0.410920609872241,-0.4427542113929633
5.6488165467204895e-09,-0.2369943441287613,-0.3018986044188949,-0.18906622129024925,-0.14360982432084524,-0.13522989874216299,-0.12410467461760535,-0.15993084802647237,-0.22619138535842656,0,-0.23333636668292065,-0.2624180318633821,-0.20750649361672838,-0.1485618980087177,-0.19062169700931725,-0.19101922157961118,-0.26226064836440616,-0.47414267637454005,-0.506912617390684
6.141697450402472e-08,-0.23480746614390516,-0.28872641580678743,-0.18711280265738894,-0.15053789757225783,-0.1482345503112303,-0.1485701733342561,-0.1845560506783641,-0.22943865409377306,-0.23333636668292065,0,-0.29684500823197735,-0.17508657328583593,-0.09455009072791705,-0.17789720990853317,-0.18220385189410807,-0.2831706902527425,-0.5650546389622856,-0.5939511342858392
1.7030885890900706e-08,-0.23383264365337322,-0.2803797386626252,-0.18912654563977102,-0.16032936222945046,-0.1633161838514634,-0.17121020884581106,-0.2073249935073696,-0.24667336453189317,-0.2624180318633821,-0.29684500823197735,0,-0.034699385227816563,0.01785892173757565,-0.1687462205737601,-0.1785209791874076,-0.3238480602421433,-0.703916230141195,-0.7174435363090502
2.5167346218401803e-10,-0.231583666349999,-0.27130201636583473,-0.18696652220842777,-0.1617311827689244,-0.16477170722094658,-0.17151473759765334,-0.19762937547511583,-0.21773836306330482,-0.20750649361672838,-0.17508657328583593,-0.034699385227816563,0,0.07648418287295397,-0.2917791775400249,-0.2499910922054611,-0.44180858081639146,-0.9542063114802407,-0.9192259428173326
2.9201826081138725e-08,-0.22788154588639928,-0.26089686159756587,-0.18087789731185314,-0.15650582244600061,-0.1569161329719439,-0.15912491281959998,-0.1737641752304323,-0.17683461014097968,-0.1485618980087177,-0.09455009072791705,0.01785892173757565,0.07648418287295397,0,-0.712628076320072,-0.36650935001755713,-0.6213000977850593,-1.3375316744551546,-1.1871855755560499
3.2380681916394374e-09,-0.22759704686169843,-0.2575116220911762,-0.18426112691862287,-0.16428989515713127,-0.16758971069204293,-0.17343235392615,-0.1906897131091296,-0.20005111124410543,-0.19062169700931725,-0.17789720990853317,-0.1687462205737601,-0.2917791775400249,-0.712628076320072,0,0.027453569326449757,-0.6810065906996149,-1.827118539586939,-1.435938727548501
1.5085161253194133e-08,-0.2262237938970455,-0.25278042994302036,-0.18422446760312827,-0.16644467862995732,-0.17008802723822036,-0.17593482246655007,-0.1910956501685685,-0.19869998364183594,-0.19101922157961118,-0.18220385189410807,-0.1785209791874076,-0.2499910922054611,-0.36650935001755713,0.027453569326449757,0,-1.5054438245759527,-3.152218477938869,-1.9139530935475586
1.107173870946663e-08,-0.22987559356343296,-0.2569983065945143,-0.19637382699816652,-0.18481968310685704,-0.1942034908458196,-0.20714318594480072,-0.23028311806354115,-0.24992927840687637,-0.26226064836440616,-0.2831706902527425,-0.3238480602421433,-0.44180858081639146,-0.6213000977850593,-0.6810065906996149,-1.5054438245759527,0,-5.522628920919066,-1.5568952068853184
8.818911716292776e-10,-0.2466439346556459,-0.28303633342850926,-0.23877161499692426,-0.24306256014167224,-0.2700043587410091,-0.3047266501604788,-0.35486003231084,-0.410920609872241,-0.47414267637454005,-0.5650546389622856,-0.703916230141195,-0.9542063114802407,-1.3375316744551546,-1.827118539586939,-3.152218477938869,-5.522628920919066,0,3.2088433221714623
7.429099824963166e-09,-0.2531620810713842,-0.291578167862417,-0.25401481850694485,-0.2630985457054252,-0.29380734507350464,-0.33211556757455074,-0.3847412424122489,-0.4427542113929633,-0.506912617390684,-0.5939511342858392,-0.7174435363090502,-0.9192259428173326,-1.1871855755560499,-1.435938727548501,-1.9139530935475586,-1.5568952068853184,3.2088433221714623,0
