0,1.0,9.951206212379546e-09,2.3362370138960715e-07,1.4346617145998337e-07,2.7094597241324192e-08,1.2313416111482797e-09,1.838468121333216e-08,4.366212093258344e-08,6.503629241255533e-09,6.425354618659462e-08,1.1646566372408993e-09,6.792553488899315e-08,5.090409541199247e-09,3.8235187498693005e-08,3.0045126573961995e-08,2.769534289636645e-08,4.122733639482228e-08,6.007373025616226e-08
1.0,0,-2.544995896609184e-09,-0.16677453855361588,-0.23252535474247701,-0.24128920403358406,-0.25005982498649804,-0.24868866946522997,-0.24538873808535036,-0.241942018120607,-0.23869798053613342,-0.23547261863050134,-0.23378299855751822,-0.2327635898186076,-0.22758615939165994,-0.2292940918950896,-0.23239581944593857,-0.22426704557693153,-0.1799149513060882
9.951206212379546e-09,-2.544995896609184e-09,0,-0.554360525238582,-0.5194820297348376,-0.4317964569829243,-0.39729925637891894,-0.3609348853237619,-0.33308645437969575,-0.3122989812194328,-0.29639195437671917,-0.2834026570065685,-0.2751777796417929,-0.26937708910051006,-0.2571468333307743,-0.25771364303389,-0.26088337178470833,-0.24544756412855206,-0.1709458241036609
2.3362370138960715e-07,-0.16677453855361588,-0.554360525238582,0,-0.45056913921305647,-0.28002866491629097,-0.2707017636687777,-0.23989836952379118,-0.21953971806023392,-0.20703905107947038,-0.1990000171109294,-0.1927786374753121,-0.1919054035667242,-0.1928000531929997,-0.18234018280745426,-0.1904134941352801,-0.200929516574952,-0.18323919111944978,-0.08048498404039772
1.4346617145998337e-07,-0.23252535474247701,-0.5194820297348376,-0.45056913921305647,0,-0.01870355652341249,-0.16099380242086328,-0.15135859524928125,-0.14568036552356367,-0.144928895942425,-0.14599902764260536,-0.14644307466759607,-0.1525740673925189,-0.1593512178097721,-0.14873786320867075,-0.16368716371605568,-0.1807290750089822,-0.15862690653861578,-0.022937995563185796
2.7094597241324192e-08,-0.24128920403358406,-0.4317964569829243,-0.28002866491629097,-0.01870355652341249,0,-0.3557800973775132,-0.2154677224436548,-0.17686832331069016,-0.16498340264721603,-0.1611560768703523,-0.1583862273836936,-0.16495247249240744,-0.17245662125387023,-0.15591679978460463,-0.17525320243834902,-0.1966877831861695,-0.16590457454472995,0.012095165210091042
1.2313416111482797e-09,-0.25005982498649804,-0.39729925637891894,-0.2707017636687777,-0.16099380242086328,-0.3557800973775132,0,-0.03163288044296194,-0.07463707379893167,-0.1007565635724163,-0.11704522914636377,-0.125203951772174,-0.14242046901163358,-0.15740164545246388,-0.1372136111449759,-0.16606911424976628,-0.19566631247623192,-0.15555263483466902,0.07364217994598793
1.838468121333216e-08,-0.24868866946522997,-0.3609348853237619,-0.23989836952379118,-0.15135859524928125,-0.2154677224436548,-0.03163288044296194,0,-0.12746992235405682,-0.14238354069933318,-0.1505600830305278,-0.15145697800355581,-0.16950158006317165,-0.18451294115666128,-0.15112819661504043,-0.18771657163945554,-0.22370435350476361,-0.16759301210332223,0.12966161133610266
4.366212093258344e-08,-0.24538873808535036,-0.33308645437969575,-0.21953971806023392,-0.14568036552356367,-0.17686832331069016,-0.07463707379893167,-0.12746992235405682,0,-0.1604374102564389,-0.16394968467226803,-0.15925743930693387,-0.1842772336367872,-0.20205295215741764,-0.15070984872595608,-0.20094037469607354,-0.24680945739804433,-0.16951785804091873,0.21596238485629038
6.503629241255533e-09,-0.241942018120607,-0.3122989812194328,-0.20703905107947038,-0.144928895942425,-0.16498340264721603,-0.1007565635724163,-0.14238354069933318,-0.1604374102564389,0,-0.16812482173160057,-0.15690411703129473,-0.19894535090387613,-0.22084365356457006,-0.1407695183542034,-0.21343899408739586,-0.27320653286255725,-0.1658220921908176,0.3368379122472006
6.425354618659462e-08,-0.23869798053613342,-0.29639195437671917,-0.1990000171109294,-0.14599902764260536,-0.1611560768703523,-0.11704522914636377,-0.1505600830305278,-0.16394968467226803,-0.16812482173160057,0,-0.14380823950766183,-0.2281520561919141,-0.2502059217224209,-0.1181397922976722,-0.22950815087067647,-0.3086280016387622,-0.15622143515757878,0.5057310522538327
1.1646566372408993e-09,-0.23547261863050134,-0.2834026570065685,-0.1927786374753121,-0.14644307466759607,-0.1583862273836936,-0.125203951772174,-0.15145697800355581,-0.15925743930693387,-0.15690411703129473,-0.14380823950766183,0,-0.3260808144153265,-0.302878271847084,-0.06455633064687477,-0.2517079652922497,-0.3586341491420761,-0.13556947570980674,0.7477768609846468
6.792553488899315e-08,-0.23378299855751822,-0.2751777796417929,-0.1919054035667242,-0.1525740673925189,-0.16495247249240744,-0.14242046901163358,-0.16950158006317165,-0.1842772336367872,-0.19894535090387613,-0.2281520561919141,-0.3260808144153265,0,-0.27605872105699786,0.13067652777363437,-0.26076507723216436,-0.4175174842462256,-0.08161219239694466,1.1124220246634975
5.090409541199247e-09,-0.2327635898186076,-0.26937708910051006,-0.1928000531929997,-0.1593512178097721,-0.17245662125387023,-0.15740164545246388,-0.18451294115666128,-0.20205295215741764,-0.22084365356457006,-0.2502059217224209,-0.302878271847084,-0.27605872105699786,0,0.5753107098251616,-0.39882851120085916,-0.58634387958168,-0.021980077993062112,1.6354056259849723
3.8235187498693005e-08,-0.22758615939165994,-0.2571468333307743,-0.18234018280745426,-0.14873786320867075,-0.15591679978460463,-0.1372136111449759,-0.15112819661504043,-0.15070984872595608,-0.1407695183542034,-0.1181397922976722,-0.06455633064687477,0.13067652777363437,0.5753107098251616,0,-1.514524102320624,-1.14746960905764,0.03572913926549061,2.4269463805340314
3.0045126573961995e-08,-0.2292940918950896,-0.25771364303389,-0.1904134941352801,-0.16368716371605568,-0.17525320243834902,-0.16606911424976628,-0.18771657163945554,-0.20094037469607354,-0.21343899408739586,-0.22950815087067647,-0.2517079652922497,-0.26076507723216436,-0.39882851120085916,-1.514524102320624,0,-0.7039768699259565,1.0995541750874689,4.077495247200624
2.769534289636645e-08,-0.23239581944593857,-0.26088337178470833,-0.200929516574952,-0.1807290750089822,-0.1966877831861695,-0.19566631247623192,-0.22370435350476361,-0.24680945739804433,-0.27320653286255725,-0.3086280016387622,-0.3586341491420761,-0.4175174842462256,-0.58634387958168,-1.14746960905764,-0.7039768699259565,0,2.8946495058936024,6.143930041025047
4.122733639482228e-08,-0.22426704557693153,-0.24544756412855206,-0.18323919111944978,-0.15862690653861578,-0.16590457454472995,-0.15555263483466902,-0.16759301210332223,-0.16951785804091873,-0.1658220921908176,-0.15622143515757878,-0.13556947570980674,-0.08161219239694466,-0.021980077993062112,0.03572913926549061,1.0995541750874689,2.8946495058936024,0,0
6.007373025616226e-08,-0.1799149513060882,-0.1709458241036609,-0.08048498404039772,-0.022937995563185796,0.012095165210091042,0.07364217994598793,0.12966161133610266,0.21596238485629038,0.3368379122472006,0.5057310522538327,0.7477768609846468,1.1124220246634975,1.6354056259849723,2.4269463805340314,4.077495247200624,6.143930041025047,0,0
