0,-1.5033948834047685e-08,1.3115643249254796e-08,-0.06099625355072345,-0.0847093550673387,-0.08386728067640839,-0.0820143213291264,-0.07638426303489164,-0.0704787840625827,-0.06504130672045638,-0.060179843955038836,-0.05579081736699309,-0.05227432734337148,-0.04928008759290299,-0.04540971243412763,-0.04372273869168591,-0.04254661936462024,-0.03864411726282966,-0.02621053626217977
-1.5033948834047685e-08,0,2.9539076173313723e-08,-0.10413209681400022,-0.1221898925393937,-0.10797584591341665,-0.09840448329990184,-0.08663239660111816,-0.07652182146549606,-0.06826292477070788,-0.061496609367053166,-0.055791267726633516,-0.05146091272250818,-0.04793710297871974,-0.043467692888655186,-0.04169929642085468,-0.04054223945069306,-0.03620844133901968,-0.02209270084771652
1.3115643249254796e-08,2.9539076173313723e-08,0,-0.2247738502967608,-0.18286280568350718,-0.1315027840346783,-0.10814797299654447,-0.08807564898894842,-0.07365219610237318,-0.06325182001002794,-0.05548415457018717,-0.04936012533757344,-0.045061679560369425,-0.04174174162407463,-0.03724103885186679,-0.03596365291170498,-0.0353011067260311,-0.030850458929708256,-0.015147517934933944
-0.06099625355072345,-0.10413209681400022,-0.2247738502967608,0,-0.12962066375162667,-0.0697231806057148,-0.061839064308877915,-0.049658359324256475,-0.04166586917568203,-0.0364402121891668,-0.0327572572535576,-0.02982938973540213,-0.028223565331108653,-0.02707864027755069,-0.023992969603059636,-0.024405915579826555,-0.02515973978930927,-0.02125263616194712,-0.0043666202330582314
-0.0847093550673387,-0.1221898925393937,-0.18286280568350718,-0.12962066375162667,0,-0.004173578024833505,-0.033825130595291825,-0.02863965826388834,-0.025337003815984235,-0.023490830029917982,-0.022232757752307028,-0.02103482259201228,-0.02090901982682694,-0.020901506855678816,-0.018257516477089623,-0.019654690811977443,-0.021217551301049988,-0.01720384187767745,0.0017248103168535198
-0.08386728067640839,-0.10797584591341665,-0.1315027840346783,-0.0697231806057148,-0.004173578024833505,0,-0.0648663812301716,-0.03557207496056923,-0.027086497752033437,-0.023763256544652816,-0.021967073909447368,-0.020474992202606485,-0.020450477654403956,-0.020538700234265413,-0.01738796790574539,-0.019213816290058677,-0.021130944236115803,-0.01644696640707689,0.00541001205835354
-0.0820143213291264,-0.09840448329990184,-0.10814797299654447,-0.061839064308877915,-0.033825130595291825,-0.0648663812301716,0,-0.004876230025177046,-0.010904472608445797,-0.01386434159940779,-0.015212064181204247,-0.015399898536942494,-0.016776746204367334,-0.017772039964552185,-0.0144645317286004,-0.017243784077562583,-0.01987212804935405,-0.014536478089424027,0.010735688557523652
-0.07638426303489164,-0.08663239660111816,-0.08807564898894842,-0.049658359324256475,-0.02863965826388834,-0.03557207496056923,-0.004876230025177046,0,-0.01702123624967641,-0.017947794689644306,-1.8194526168624674,-0.01715466387597286,-0.018440080702883492,-0.019275234010117458,-0.014728505409789996,-0.018107662124695285,-0.02113504886445259,-0.014535955213621101,0.015346832986596797
-0.0704787840625827,-0.07652182146549606,-0.07365219610237318,-0.04166586917568203,-0.025337003815984235,-0.027086497752033437,-0.010904472608445797,-0.01702123624967641,0,-0.018896805212851947,-0.018312481183083415,-0.01690118277890453,-0.018821944120131436,-0.01982548274959773,-0.013753750643843989,-0.01826459737080402,-0.021975226345974923,-0.013797130845981146,0.02185431130520924
-0.06504130672045638,-0.06826292477070788,-0.06325182001002794,-0.0364402121891668,-0.023490830029917982,-0.023763256544652816,-0.01386434159940779,-0.017947794689644306,-0.018896805212851947,0,-0.017713717912520487,-0.01573104784520539,-0.019224140709156956,-0.020489386854097187,-0.01207603830151778,-0.01841169842368279,-0.023069086956086317,-0.012714716374055145,0.03039080071174924
-0.060179843955038836,-0.061496609367053166,-0.05548415457018717,-0.0327572572535576,-0.022232757752307028,-0.021967073909447368,-0.015212064181204247,-1.8194526168624674,-0.018312481183083415,-0.017713717912520487,0,-0.013706389164810503,-0.02093683445242388,-0.02201728255356526,-0.009488211078194891,-0.01887878261945123,-0.024809213435414493,-0.011281231308542437,0.04168592847844028
-0.05579081736699309,-0.055791267726633516,-0.04936012533757344,-0.02982938973540213,-0.02103482259201228,-0.020474992202606485,-0.015399898536942494,-0.01715466387597286,-0.01690118277890453,-0.01573104784520539,-0.013706389164810503,0,-0.028372740672189086,-0.025287436861869062,-0.004627848169698005,-0.019837141149068406,-0.02753216040679376,-0.009154212437975097,0.05713385122113487
-0.05227432734337148,-0.05146091272250818,-0.045061679560369425,-0.028223565331108653,-0.02090901982682694,-0.020450477654403956,-0.016776746204367334,-0.018440080702883492,-0.018821944120131436,-0.019224140709156956,-0.02093683445242388,-0.028372740672189086,0,-0.02209648751029565,0.010492090958372238,-0.019988935776593445,-0.030823283621606475,-0.00492666837585567,0.07946539807958095
-0.04928008759290299,-0.04793710297871974,-0.04174174162407463,-0.02707864027755069,-0.020901506855678816,-0.020538700234265413,-0.017772039964552185,-0.019275234010117458,-0.01982548274959773,-0.020489386854097187,-0.02201728255356526,-0.025287436861869062,-0.02209648751029565,0,0.042635110063461906,-0.029430414767155466,-0.041371013929396856,-0.0004319938008910583,0.11033614307635689
-0.04540971243412763,-0.043467692888655186,-0.03724103885186679,-0.023992969603059636,-0.018257516477089623,-0.01738796790574539,-0.0144645317286004,-0.014728505409789996,-0.013753750643843989,-0.01207603830151778,-0.009488211078194891,-0.004627848169698005,0.010492090958372238,0.042635110063461906,0,-0.10449136675529634,-0.07644544307340823,0.004212650403514499,0.15559531839576937
-0.04372273869168591,-0.04169929642085468,-0.03596365291170498,-0.024405915579826555,-0.019654690811977443,-0.019213816290058677,-0.017243784077562583,-0.018107662124695285,-0.01826459737080402,-0.01841169842368279,-0.01887878261945123,-0.019837141149068406,-0.019988935776593445,-0.029430414767155466,-0.10449136675529634,0,-0.04543362610007774,0.06990079092350825,0.2479826574874645
-0.04254661936462024,-0.04054223945069306,-0.0353011067260311,-0.02515973978930927,-0.021217551301049988,-0.021130944236115803,-0.01987212804935405,-0.02113504886445259,-0.021975226345974923,-0.023069086956086317,-0.024809213435414493,-0.02753216040679376,-0.030823283621606475,-0.041371013929396856,-0.07644544307340823,-0.04543362610007774,0,0.1754870315859286,0.3605169682818389
-0.03864411726282966,-0.03620844133901968,-0.030850458929708256,-0.02125263616194712,-0.01720384187767745,-0.01644696640707689,-0.014536478089424027,-0.014535955213621101,-0.013797130845981146,-0.012714716374055145,-0.011281231308542437,-0.009154212437975097,-0.00492666837585567,-0.0004319938008910583,0.004212650403514499,0.06990079092350825,0.1754870315859286,0,0.47792093125690316
-0.02621053626217977,-0.02209270084771652,-0.015147517934933944,-0.0043666202330582314,0.0017248103168535198,0.00541001205835354,0.010735688557523652,0.015346832986596797,0.02185431130520924,0.03039080071174924,0.04168592847844028,0.05713385122113487,0.07946539807958095,0.11033614307635689,0.15559531839576937,0.2479826574874645,0.3605169682818389,0.47792093125690316,0
