0,2.6071925482707222e-15,-1.111919126860332e-15,-0.06743215508902858,-0.0933562878393531,-0.08802279579451644,-0.0836369327894657,-0.07524609797367099,-0.0674487176113675,-0.06083085602336614,-0.05526124342487308,-0.050449741761893555,-0.046813878083509224,-0.04382226689786017,-0.039716285203157196,-0.03839776248579197,-0.03763085206435094,-0.0333537590729841,-0.022219502663427957
2.6071925482707222e-15,0,-2.6311459201118247e-15,-0.11238692514837821,-0.12879573924419382,-0.10715306981948444,-0.09492849447109554,-0.0809141177988935,-0.06975038738970817,-0.061150407720296625,-0.05440296226271929,-0.04887269323595282,-0.044893693698827605,-0.0417372476207238,-0.03734255700922459,-0.03616472835540076,-0.03558108339757956,-0.03104195225037692,-0.018927423664494417
-1.111919126860332e-15,-2.6311459201118247e-15,0,-0.2247738502967609,-0.17719725702419567,-0.12053249399713217,-0.09806631883832777,-0.07833454181964851,-0.06471819585905024,-0.05522626915495217,-0.04829586661021035,-0.04288096290859459,-0.03926791442423824,-0.03652302387888155,-0.03225441528743485,-0.0316352027861786,-0.03157767524321045,-0.026971578721904158,-0.013910678952795689
-0.06743215508902858,-0.11238692514837821,-0.2247738502967609,0,-0.12962066375162656,-0.06689712088823398,-0.06001554470447571,-0.04761136653186396,-0.039697297013662584,-0.03464221949278944,-0.03112522872740426,-0.02832271039938364,-0.026898702719999917,-0.02590368874898536,-0.022693534580613496,-0.02344996334175194,-0.024553537498990873,-0.02026984647407354,-0.006414050764806593
-0.0933562878393531,-0.12879573924419382,-0.17719725702419567,-0.12962066375162656,0,-0.004173578024838462,-0.034519979627505706,-0.028661494907072656,-0.025161746231508443,-0.02326682646439646,-0.02199509348844107,-0.02077447938815732,-0.02071141022695943,-0.020754851960350134,-0.01789718554111783,-0.01957907726902777,-0.02144795300010866,-0.01699596104289937,-0.0017292439632193945
-0.08802279579451644,-0.10715306981948444,-0.12053249399713217,-0.06689712088823398,-0.004173578024838462,0,-0.06486638123017072,-0.03487130562767526,-0.026516777254024262,-0.02332187717105968,-0.021607882967565713,-0.02014915355888034,-0.020226648564701893,-0.02038746883045887,-0.01703174575335743,-0.01917678866593597,-0.02142419178604445,-0.01629093356066054,0.0010560248900831183
-0.0836369327894657,-0.09492849447109554,-0.09806631883832777,-0.06001554470447571,-0.034519979627505706,-0.06486638123017072,0,-0.004876230025174436,-0.010948733137428805,-0.013940405071280504,-0.01529340202629963,-0.015453256461807091,-0.016894577782742465,-0.017928620810427807,-0.014373592165089127,-0.017479274377836782,-0.020443935208528018,-0.014618510041832157,0.005139915321513043
-0.07524609797367099,-0.0809141177988935,-0.07833454181964851,-0.04761136653186396,-0.028661494907072656,-0.03487130562767526,-0.004876230025174436,0,-0.017021236249680497,-0.017959020731265173,-0.017979208333801736,-0.0171286820205116,-0.018491968595524336,-0.01936505511318222,-0.014562160730820381,-0.01831609042068295,-0.02170632020894418,-0.014592202284591764,0.008454909346438647
-0.0674487176113675,-0.06975038738970817,-0.06471819585905024,-0.039697297013662584,-0.025161746231508443,-0.026516777254024262,-0.010948733137428805,-0.017021236249680497,0,-0.0188968052128517,-0.01830526156268573,-0.016866445478308685,-0.018879941300208793,-0.01991473242219101,-0.01358253184229329,-0.018519851176753564,-0.022618185194389965,-0.013898870688078512,0.013212564585591172
-0.06083085602336614,-0.061150407720296625,-0.05522626915495217,-0.03464221949278944,-0.02326682646439646,-0.02332187717105968,-0.013940405071280504,-0.017959020731265173,-0.0188968052128517,0,-0.017713717912522006,-0.015710053538670304,-0.019308493241337456,-0.020585780035663304,-0.011919163391309263,-0.01874239352160993,-0.023809675457441212,-0.012887959891271242,0.01944358027777033
-0.05526124342487308,-0.05440296226271929,-0.04829586661021035,-0.03112522872740426,-0.02199509348844107,-0.021607882967565713,-0.01529340202629963,-0.017979208333801736,-0.01830526156268573,-0.017713717912522006,0,-0.01370638916481838,-0.021039564918496564,-0.02208995927140554,-0.00935502427501436,-0.019307377487513544,-0.025661030271895383,-0.011546047110568891,0.027672076922548354
-0.050449741761893555,-0.04887269323595282,-0.04288096290859459,-0.02832271039938364,-0.02077447938815732,-0.02014915355888034,-0.015453256461807091,-0.0171286820205116,-0.016866445478308685,-0.015710053538670304,-0.01370638916481838,0,-0.02837274067217486,-0.02523461409123641,-0.004559884186733337,-0.02041123471954569,-0.028514819354711035,-0.009551615552201477,0.03897243159960325
-0.046813878083509224,-0.044893693698827605,-0.03926791442423824,-0.026898702719999917,-0.02071141022695943,-0.020226648564701893,-0.016894577782742465,-0.018491968595524336,-0.018879941300208793,-0.019308493241337456,-0.021039564918496564,-0.02837274067217486,0,-0.022096487510295557,0.010269311276581273,-0.020922312254293775,-0.032062899729624894,-0.005595934534640773,0.0556619315126617
-0.04382226689786017,-0.0417372476207238,-0.03652302387888155,-0.02590368874898536,-0.020754851960350134,-0.02038746883045887,-0.017928620810427807,-0.01936505511318222,-0.01991473242219101,-0.020585780035663304,-0.02208995927140554,-0.02523461409123641,-0.022096487510295557,0,0.0426351100634642,-0.0309281283459199,-0.04263610151310391,-0.0013530695267346452,0.07890979686703509
-0.039716285203157196,-0.03734255700922459,-0.03225441528743485,-0.022693534580613496,-0.01789718554111783,-0.01703174575335743,-0.014373592165089127,-0.014562160730820381,-0.01358253184229329,-0.011919163391309263,-0.00935502427501436,-0.004559884186733337,0.010269311276581273,0.0426351100634642,0,-0.10449136675529432,-0.07496249642768982,0.0031252490091590156,0.11370193454607759
-0.03839776248579197,-0.03616472835540076,-0.0316352027861786,-0.02344996334175194,-0.01957907726902777,-0.01917678866593597,-0.017479274377836782,-0.01831609042068295,-0.018519851176753564,-0.01874239352160993,-0.019307377487513544,-0.02041123471954569,-0.020922312254293775,-0.0309281283459199,-0.10449136675529432,0,-0.04543362610007751,0.06502670274292782,0.1999410041814199
-0.03763085206435094,-0.03558108339757956,-0.03157767524321045,-0.024553537498990873,-0.02144795300010866,-0.02142419178604445,-0.020443935208528018,-0.02170632020894418,-0.022618185194389965,-0.023809675457441212,-0.025661030271895383,-0.028514819354711035,-0.032062899729624894,-0.04263610151310391,-0.07496249642768982,-0.04543362610007751,0,0.17548703158593257,0.32670398142141877
-0.0333537590729841,-0.03104195225037692,-0.026971578721904158,-0.02026984647407354,-0.01699596104289937,-0.01629093356066054,-0.014618510041832157,-0.014592202284591764,-0.013898870688078512,-0.012887959891271242,-0.011546047110568891,-0.009551615552201477,-0.005595934534640773,-0.0013530695267346452,0.0031252490091590156,0.06502670274292782,0.17548703158593257,0,0.47792093125690777
-0.022219502663427957,-0.018927423664494417,-0.013910678952795689,-0.006414050764806593,-0.0017292439632193945,0.0010560248900831183,0.005139915321513043,0.008454909346438647,0.013212564585591172,0.01944358027777033,0.027672076922548354,0.03897243159960325,0.0556619315126617,0.07890979686703509,0.11370193454607759,0.1999410041814199,0.32670398142141877,0.47792093125690777,0
