0,1.0,9.951206212379546e-09,6.097575971872458e-08,5.407646802042631e-08,8.959101695404157e-08,4.081465816149458e-08,3.561474166506248e-08,5.5572371379065414e-08,4.1171064946816114e-10,6.857022808289511e-08,1.1003871468650097e-08,1.7390989861549676e-08,2.2103416028754088e-08,1.54786779286185e-08,2.2112073442260335e-09,7.982205749135529e-09,2.499902184075586e-09,6.026309309958064e-10
1.0,0,-2.544995896609184e-09,-0.1938833254589349,-0.22828093370715538,-0.24685896397656037,-0.2498744999860304,-0.2451459406050707,-0.24284254749713324,-0.23803402193938417,-0.2353762328088931,-0.2327640089050451,-0.23040959724480145,-0.22714904850054027,-0.22485183127873226,-0.22140559259038503,-0.22310408205282203,-0.22808792130838418,-0.2298044959985503
9.951206212379546e-09,-2.544995896609184e-09,0,-0.6549221597121259,-0.4908059361307145,-0.43585932548445333,-0.3883591515044324,-0.34637032958097913,-0.32243124976049636,-0.300124575484021,-0.28640897798758375,-0.27533539654720846,-0.26646108084550924,-0.257171728990567,-0.2505277094300938,-0.24256348603804104,-0.24386289863358127,-0.25073695527203654,-0.2521527735643296
6.097575971872458e-08,-0.1938833254589349,-0.6549221597121259,0,-0.17358092856093643,-0.2345801525901183,-0.21902982871302643,-0.19172204273791466,-0.18760915788248428,-0.17724819356498817,-0.1762272303578371,-0.17519174704939444,-0.17462328557571777,-0.17121184311397664,-0.17033091232593792,-0.16622355723710847,-0.17484595062758368,-0.190277282930184,-0.19666288262929082
5.407646802042631e-08,-0.22828093370715538,-0.4908059361307145,-0.17358092856093643,0,-0.32723404667669176,-0.2378962753479819,-0.17890598472091687,-0.17610572693214896,-0.16231495565992418,-0.16400294801770446,-0.16470732676877115,-0.16554656416731528,-0.1619199461420572,-0.16183388745904248,-0.1570898491735593,-0.16978847594160626,-0.19106081814879985,-0.19951888771173504
8.959101695404157e-08,-0.24685896397656037,-0.43585932548445333,-0.2345801525901183,-0.32723404667669176,0,-0.11347936632835988,-0.0755784966927061,-0.11696184186296367,-0.11464807862187384,-0.13031815624480927,-0.1389753673981585,-0.14510681986043447,-0.14337929787760587,-0.1459540972788315,-0.14157773470363216,-0.16031888015971232,-0.18930633705522754,-0.2004833254862239
4.081465816149458e-08,-0.2498744999860304,-0.3883591515044324,-0.21902982871302643,-0.2378962753479819,-0.11347936632835988,0,-0.027385458632768565,-0.13603317952881708,-0.12349724649311404,-0.14523080770808275,-0.15411616020202734,-0.15951345853762205,-0.15426032001302536,-0.15594501634597085,-0.1485592614797769,-0.17242869181119014,-0.2088139411929306,-0.22119138371939484
3.561474166506248e-08,-0.2451459406050707,-0.34637032958097913,-0.19172204273791466,-0.17890598472091687,-0.0755784966927061,-0.027385458632768565,0,-0.27114089459721086,-0.1619436779826726,-0.1807837421938974,-0.18216889177891077,-0.1822454550775473,-0.16937764658075044,-0.16867126043120564,-0.15644383290028674,-0.18691194465337105,-0.2324639505179514,-0.2456202394279067
5.5572371379065414e-08,-0.24284254749713324,-0.32243124976049636,-0.18760915788248428,-0.17610572693214896,-0.11696184186296367,-0.13603317952881708,-0.27114089459721086,0,-0.029399677035127313,-0.1487732921006234,-0.1657824182810294,-0.17172512637654946,-0.15588465339461435,-0.15813618639420227,-0.14354954722372634,-0.18659735390685686,-0.2463930486620532,-0.26152606623317703
4.1171064946816114e-10,-0.23803402193938417,-0.300124575484021,-0.17724819356498817,-0.16231495565992418,-0.11464807862187384,-0.12349724649311404,-0.1619436779826726,-0.029399677035127313,0,-0.2904166297683655,-0.2308447542618833,-0.21042370922822407,-0.1722806423260835,-0.17074780195111772,-0.1472737715665641,-0.20488730444725795,-0.28090271068485867,-0.29535488966907253
6.857022808289511e-08,-0.2353762328088931,-0.28640897798758375,-0.1762272303578371,-0.16400294801770446,-0.13031815624480927,-0.14523080770808275,-0.1807837421938974,-0.1487732921006234,-0.2904166297683655,0,-0.16064138380488513,-0.1688699175807022,-0.1263839126256713,-0.14082355645135816,-0.11594444426885732,-0.20344434849155493,-0.3060497397150837,-0.32070744185336075
1.1003871468650097e-08,-0.2327640089050451,-0.27533539654720846,-0.17519174704939444,-0.16470732676877115,-0.1389753673981585,-0.15411616020202734,-0.18216889177891077,-0.1657824182810294,-0.2308447542618833,-0.16064138380488513,0,-0.17835334455937318,-0.09620988475640103,-0.13364736574532635,-0.09901727073286895,-0.2287748962524099,-0.3638754378006264,-0.3718721393426606
1.7390989861549676e-08,-0.23040959724480145,-0.26646108084550924,-0.17462328557571777,-0.16554656416731528,-0.14510681986043447,-0.15951345853762205,-0.1822454550775473,-0.17172512637654946,-0.21042370922822407,-0.1688699175807022,-0.17835334455937318,0,-0.003422420098986908,-0.1299166585416059,-0.0764379155275596,-0.27795628549725293,-0.45595814972990173,-0.44515891905133725
2.2103416028754088e-08,-0.22714904850054027,-0.257171728990567,-0.17121184311397664,-0.1619199461420572,-0.14337929787760587,-0.15426032001302536,-0.16937764658075044,-0.15588465339461435,-0.1722806423260835,-0.1263839126256713,-0.09620988475640103,-0.003422420098986908,0,-0.2720025237908353,-0.08519685083460443,-0.4020807258064661,-0.6240712979289192,-0.560776982743235
1.54786779286185e-08,-0.22485183127873226,-0.2505277094300938,-0.17033091232593792,-0.16183388745904248,-0.1459540972788315,-0.15594501634597085,-0.16867126043120564,-0.15813618639420227,-0.17074780195111772,-0.14082355645135816,-0.13364736574532635,-0.1299166585416059,-0.2720025237908353,0,0.12192613034964826,-0.57181066516489,-0.8513002266747589,-0.6754838186736516
2.2112073442260335e-09,-0.22140559259038503,-0.24256348603804104,-0.16622355723710847,-0.1570898491735593,-0.14157773470363216,-0.1485592614797769,-0.15644383290028674,-0.14354954722372634,-0.1472737715665641,-0.11594444426885732,-0.09901727073286895,-0.0764379155275596,-0.08519685083460443,0.12192613034964826,0,-1.3710899888234687,-1.3732567460811576,-0.8438304819596153
7.982205749135529e-09,-0.22310408205282203,-0.24386289863358127,-0.17484595062758368,-0.16978847594160626,-0.16031888015971232,-0.17242869181119014,-0.18691194465337105,-0.18659735390685686,-0.20488730444725795,-0.20344434849155493,-0.2287748962524099,-0.27795628549725293,-0.4020807258064661,-0.57181066516489,-1.3710899888234687,0,-1.375897125781479,-0.4092862591541653
2.499902184075586e-09,-0.22808792130838418,-0.25073695527203654,-0.190277282930184,-0.19106081814879985,-0.18930633705522754,-0.2088139411929306,-0.2324639505179514,-0.2463930486620532,-0.28090271068485867,-0.3060497397150837,-0.3638754378006264,-0.45595814972990173,-0.6240712979289192,-0.8513002266747589,-1.3732567460811576,-1.375897125781479,0,0.6687082359854121
6.026309309958064e-10,-0.2298044959985503,-0.2521527735643296,-0.19666288262929082,-0.19951888771173504,-0.2004833254862239,-0.22119138371939484,-0.2456202394279067,-0.26152606623317703,-0.29535488966907253,-0.32070744185336075,-0.3718721393426606,-0.44515891905133725,-0.560776982743235,-0.6754838186736516,-0.8438304819596153,-0.4092862591541653,0.6687082359854121,0
