0,1.0,9.951206212379546e-09,8.194776048125371e-08,5.3151181765091396e-08,6.664272473519943e-08,2.960145522662732e-09,4.4285351181335836e-08,4.009327797787637e-10,7.456784421069861e-09,2.938244401588253e-08,7.997750665223623e-08,2.79522911982697e-09,1.7249116912901262e-08,1.989939758037856e-08,3.1452051421201317e-08,2.065633679824634e-08,2.721329383194502e-08,3.0455665869208615e-08
1.0,0,-2.544995896609184e-09,-0.18380022418890754,-0.2301035948579846,-0.24666375245285146,-0.24579723447195825,-0.24677966038385757,-0.2421512386253042,-0.23686144662877953,-0.23297945501515893,-0.2293614783173576,-0.22664915671558633,-0.22525031071293156,-0.2249501799077644,-0.22021914085915306,-0.22766948072766857,-0.18104763269661014,-0.23430706262186055
9.951206212379546e-09,-2.544995896609184e-09,0,-0.6171255572943843,-0.5022804191932208,-0.4390923197998653,-0.38164314264496485,-0.35263275606482203,-0.32311013790093707,-0.2996367773234524,-0.2834692645912781,-0.27056735303620466,-0.26116894124845,-0.25532299133544883,-0.25215577772809833,-0.24188434813429996,-0.2528282851896501,-0.17354621868731152,-0.2612611216541092
8.194776048125371e-08,-0.18380022418890754,-0.6171255572943843,0,-0.2784134869847901,-0.26197122340907053,-0.21517980432191947,-0.21216374709694535,-0.19404244933316556,-0.18042755322269383,-0.17469715937189526,-0.1705677141731527,-0.1692461791861413,-0.17122029387649373,-0.17540243466079503,-0.16750654494774148,-0.19005863094045042,-0.0800780832712907,-0.21292086039792263
5.3151181765091396e-08,-0.2301035948579846,-0.5022804191932208,-0.2784134869847901,0,-0.23681979569668057,-0.1549829601353106,-0.17570133577701355,-0.15666462058081596,-0.14449119511424183,-0.14348710216860727,-0.14308781775475396,-0.14556834003728492,-0.15172212018069153,-0.16001862401262013,-0.15079657772015304,-0.1832375174663973,-0.03530132657744006,-0.2163460346123337
6.664272473519943e-08,-0.24666375245285146,-0.4390923197998653,-0.26197122340907053,-0.23681979569668057,0,-0.04345760102329423,-0.1538196814080762,-0.1301093153926813,-0.1193288470341504,-0.12468615852344805,-0.12836233632149308,-0.13476883285275298,-0.14520340299936324,-0.15756220771038484,-0.1454013757847848,-0.18924743175114056,0.006437291576260534,-0.23311609737762432
2.960145522662732e-09,-0.24579723447195825,-0.38164314264496485,-0.21517980432191947,-0.1549829601353106,-0.04345760102329423,0,-0.2967852266003504,-0.16138386582007233,-0.12875210074585824,-0.13396025603486333,-0.13689892033338705,-0.14420137223580415,-0.15701979920465614,-0.17198563117291263,-0.15347403886933886,-0.2104353815605116,0.04799746054098715,-0.2650845649149812
4.4285351181335836e-08,-0.24677966038385757,-0.35263275606482203,-0.21216374709694535,-0.17570133577701355,-0.1538196814080762,-0.2967852266003504,0,0.00755523269830447,-0.03973355648964405,-0.08931472136809727,-0.10964910162136403,-0.12818820366805592,-0.15020941320513284,-0.17226308547105845,-0.14719899385472385,-0.22362360068427786,0.11599484068408493,-0.29476716735891473
4.009327797787637e-10,-0.2421512386253042,-0.32311013790093707,-0.19404244933316556,-0.15666462058081596,-0.1301093153926813,-0.16138386582007233,0.00755523269830447,0,-0.09601338912978313,-0.150671007818323,-0.15587929945356463,-0.16789040420468587,-0.188692455792346,-0.21062068501551784,-0.16852740131517857,-0.26696173795575767,0.18649247894757692,-0.352686582059229
7.456784421069861e-09,-0.23686144662877953,-0.2996367773234524,-0.18042755322269383,-0.14449119511424183,-0.1193288470341504,-0.12875210074585824,-0.03973355648964405,-0.09601338912978313,0,-0.21552839879943053,-0.1834534478467912,-0.19031748516400843,-0.21402897409557506,-0.2385796010974299,-0.17286686066461748,-0.30580501355223916,0.3051585023212912,-0.4147847838007876
2.938244401588253e-08,-0.23297945501515893,-0.2834692645912781,-0.17469715937189526,-0.14348710216860727,-0.12468615852344805,-0.13396025603486333,-0.08931472136809727,-0.150671007818323,-0.21552839879943053,0,-0.14588809180214968,-0.18245284897195518,-0.22464789154799417,-0.258065975652487,-0.15747923625182694,-0.34601936509253406,0.4894008854679755,-0.4909792596296124
7.997750665223623e-08,-0.2293614783173576,-0.27056735303620466,-0.1705677141731527,-0.14308781775475396,-0.12836233632149308,-0.13689892033338705,-0.10964910162136403,-0.15587929945356463,-0.1834534478467912,-0.14588809180214968,0,-0.22466644451019774,-0.2733268095737353,-0.30472612472063315,-0.13591943553581448,-0.41271067954515583,0.7599843919879192,-0.6060141965145929
2.79522911982697e-09,-0.22664915671558633,-0.26116894124845,-0.1692461791861413,-0.14556834003728492,-0.13476883285275298,-0.14420137223580415,-0.12818820366805592,-0.16789040420468587,-0.19031748516400843,-0.18245284897195518,-0.22466644451019774,0,-0.32939930628628417,-0.34964908178828724,-0.05667377318850625,-0.5006330002750501,1.196759362391029,-0.7718924575131241
1.7249116912901262e-08,-0.22525031071293156,-0.25532299133544883,-0.17122029387649373,-0.15172212018069153,-0.14520340299936324,-0.15701979920465614,-0.15020941320513284,-0.188692455792346,-0.21402897409557506,-0.22464789154799417,-0.2733268095737353,-0.32939930628628417,0,-0.372909375020261,0.16183205950241258,-0.6495130728304614,1.9169744755023417,-1.0433572072880621
1.989939758037856e-08,-0.2249501799077644,-0.25215577772809833,-0.17540243466079503,-0.16001862401262013,-0.15756220771038484,-0.17198563117291263,-0.17226308547105845,-0.21062068501551784,-0.2385796010974299,-0.258065975652487,-0.30472612472063315,-0.34964908178828724,-0.372909375020261,0,0.740969892227574,-1.0596381741668852,3.1363768527043225,-1.5689024183919371
3.1452051421201317e-08,-0.22021914085915306,-0.24188434813429996,-0.16750654494774148,-0.15079657772015304,-0.1454013757847848,-0.15347403886933886,-0.14719899385472385,-0.16852740131517857,-0.17286686066461748,-0.15747923625182694,-0.13591943553581448,-0.05667377318850625,0.16183205950241258,0.740969892227574,0,-3.2393770412406306,5.349911126303049,-2.7884898603047605
2.065633679824634e-08,-0.22766948072766857,-0.2528282851896501,-0.19005863094045042,-0.1832375174663973,-0.18924743175114056,-0.2104353815605116,-0.22362360068427786,-0.26696173795575767,-0.30580501355223916,-0.34601936509253406,-0.41271067954515583,-0.5006330002750501,-0.6495130728304614,-1.0596381741668852,-3.2393770412406306,0,0,-5.0188937498536745
2.721329383194502e-08,-0.18104763269661014,-0.17354621868731152,-0.0800780832712907,-0.03530132657744006,0.006437291576260534,0.04799746054098715,0.11599484068408493,0.18649247894757692,0.3051585023212912,0.4894008854679755,0.7599843919879192,1.196759362391029,1.9169744755023417,3.1363768527043225,5.349911126303049,0,0,0
3.0455665869208615e-08,-0.23430706262186055,-0.2612611216541092,-0.21292086039792263,-0.2163460346123337,-0.23311609737762432,-0.2650845649149812,-0.29476716735891473,-0.352686582059229,-0.4147847838007876,-0.4909792596296124,-0.6060141965145929,-0.7718924575131241,-1.0433572072880621,-1.5689024183919371,-2.7884898603047605,-5.0188937498536745,0,0
