0,-1.5033948834047685e-08,1.3115643249254796e-08,-0.058845787479879307,-0.07988338737993404,-0.08163739579902785,-0.07818163832182308,-0.07361577983390498,-0.0682027140739942,-0.06355898767114465,-0.059157267486563914,-0.055088404122387115,-0.05192199952112586,-0.048170667202368705,-0.04505058609852729,-0.04145334362922597,-0.03470066534024557,-0.042751088508986616,-0.05164835114488461
-1.5033948834047685e-08,0,2.9539076173313723e-08,-0.10037504409449642,-0.11474569576860498,-0.10520735237214236,-0.09349401785183874,-0.08343881688052564,-0.07409228851487856,-0.06691346583844808,-0.060725328595775764,-0.05539165185798086,-0.05145407947903932,-0.04696923397163671,-0.04338531026566614,-0.03932324814769235,-0.03164641879007933,-0.04132606762986051,-0.05169319210831121
1.3115643249254796e-08,2.9539076173313723e-08,0,-0.21600998309412212,-0.16992176062982597,-0.12883554369953132,-0.10222203958568837,-0.08500122322985215,-0.0716549080482793,-0.06262801693498668,-0.05547512346724396,-0.04968470821724933,-0.04574951516719766,-0.04114678327096708,-0.03766112182540404,-0.033593701802982344,-0.02529970559261421,-0.03729769312353164,-0.04960550405255655
-0.058845787479879307,-0.10037504409449642,-0.21600998309412212,0,-0.1123915949696752,-0.0745665037736977,-0.057820409958772336,-0.04928243551573954,-0.04195006409012176,-0.03792398353107747,-0.03449640826071067,-0.03158464567448529,-0.030126627464438234,-0.02719736613772549,-0.025213846664381735,-0.022215999959599397,-0.014092289387463765,-0.029396763044778184,-0.04425757717303311
-0.07988338737993404,-0.11474569576860498,-0.16992176062982597,-0.1123915949696752,0,-0.03286550499577899,-0.03139681830719525,-0.031126101455161797,-0.027635703610465554,-0.02675135458940944,-0.02531100689274351,-0.02379068590347976,-0.023621993227211327,-0.021271722670660905,-0.019909258389755314,-0.01719406351440885,-0.008418533939754358,-0.026940449849696877,-0.044242145630027686
-0.08163739579902785,-0.10520735237214236,-0.12883554369953132,-0.0745665037736977,-0.03286550499577899,0,-0.029865382704981455,-0.03041520036354107,-0.025423120492279964,-0.025026580749995097,-0.023628886617217168,-0.022104154032963494,-0.02229460359360406,-0.019657001327691437,-0.01830618800584161,-0.01532969251194733,-0.005251321403872624,-0.027345896417560862,-0.04727527864608787
-0.07818163832182308,-0.09349401785183874,-0.10222203958568837,-0.057820409958772336,-0.03139681830719525,-0.029865382704981455,0,-2.1262812714453796,-0.022132457208398258,-0.023150502704193592,-0.021895651042916277,-0.020393099818559676,-0.02111489244195528,-0.018052731395545283,-0.016723024796678428,-0.013410106647719277,-0.0016955708788963394,-0.028305644224426687,-0.0513902839073033
-0.07361577983390498,-0.08343881688052564,-0.08500122322985215,-0.04928243551573954,-0.031126101455161797,-0.03041520036354107,-2.1262812714453796,0,-0.013013103527341707,-0.02077237924802942,-1.8184859145208327,-0.018631465112889566,-0.020179329975573774,-0.016447994675760472,-0.015155408973529974,-0.011397797683862778,0.0024096119637532784,-0.030022702097543773,-0.05694091104372429
-0.0682027140739942,-0.07409228851487856,-0.0716549080482793,-0.04195006409012176,-0.027635703610465554,-0.025423120492279964,-0.022132457208398258,-0.013013103527341707,0,-0.028750449700243343,-0.02222414467910971,-0.019007979817223384,-0.02105682603409449,-0.015729078782542892,-0.014248336404390107,-0.009721566434910912,0.006938958360625326,-0.03311905084252375,-0.06473507412790523
-0.06355898767114465,-0.06691346583844808,-0.06262801693498668,-0.03792398353107747,-0.02675135458940944,-0.025026580749995097,-0.023150502704193592,-0.02077237924802942,-0.028750449700243343,0,-0.015502212959849737,-0.014533368246176443,-0.019854315658996376,-0.012776578511118176,-0.011754029849735198,-0.006584707186279078,0.013587937993175946,-0.03701945387733905,-0.07461397545978456
-0.059157267486563914,-0.060725328595775764,-0.05547512346724396,-0.03449640826071067,-0.02531100689274351,-0.023628886617217168,-0.021895651042916277,-1.8184859145208327,-0.02222414467910971,-0.015502212959849737,0,-0.01354557240268602,-0.023171705444086706,-0.010789462242089695,-0.010135231076211159,-0.0037267245420844627,0.021479600305763596,-0.0438025870485705,-0.08893957939461906
-0.055088404122387115,-0.05539165185798086,-0.04968470821724933,-0.03158464567448529,-0.02379068590347976,-0.022104154032963494,-0.020393099818559676,-0.018631465112889566,-0.019007979817223384,-0.014533368246176443,-0.01354557240268602,0,-0.033101397446487414,-0.005608550104019071,-0.007212578037223849,0.000638445992776749,0.03274408396714177,-0.05418804057185045,-0.10916267587483831
-0.05192199952112586,-0.05145407947903932,-0.04574951516719766,-0.030126627464438234,-0.023621993227211327,-0.02229460359360406,-0.02111489244195528,-0.020179329975573774,-0.02105682603409449,-0.019854315658996376,-0.023171705444086706,-0.033101397446487414,0,0.02208783253996291,0.0009283993548858852,0.008626696240753276,0.04991319358690119,-0.07077580827374907,-0.13883820235648006
-0.048170667202368705,-0.04696923397163671,-0.04114678327096708,-0.02719736613772549,-0.021271722670660905,-0.019657001327691437,-0.018052731395545283,-0.016447994675760472,-0.015729078782542892,-0.012776578511118176,-0.010789462242089695,-0.005608550104019071,0.02208783253996291,0,-0.020204724712774402,0.006727556209589507,0.0687828970120581,-0.10618627240213788,-0.19096699628037508
-0.04505058609852729,-0.04338531026566614,-0.03766112182540404,-0.025213846664381735,-0.019909258389755314,-0.01830618800584161,-0.016723024796678428,-0.015155408973529974,-0.014248336404390107,-0.011754029849735198,-0.010135231076211159,-0.007212578037223849,0.0009283993548858852,-0.020204724712774402,0,0.03342268486097315,0.11517817866709892,-0.16696306019972545,-0.27528974872425954
-0.04145334362922597,-0.03932324814769235,-0.033593701802982344,-0.022215999959599397,-0.01719406351440885,-0.01532969251194733,-0.013410106647719277,-0.011397797683862778,-0.009721566434910912,-0.006584707186279078,-0.0037267245420844627,0.000638445992776749,0.008626696240753276,0.006727556209589507,0.03342268486097315,0,0.18567460933217955,-0.3346218422873367,-0.4661913301461017
-0.03470066534024557,-0.03164641879007933,-0.02529970559261421,-0.014092289387463765,-0.008418533939754358,-0.005251321403872624,-0.0016955708788963394,0.0024096119637532784,0.006938958360625326,0.013587937993175946,0.021479600305763596,0.03274408396714177,0.04991319358690119,0.0687828970120581,0.11517817866709892,0.18567460933217955,0,-1.351490087807543,-1.3851813441020917
-0.042751088508986616,-0.04132606762986051,-0.03729769312353164,-0.029396763044778184,-0.026940449849696877,-0.027345896417560862,-0.028305644224426687,-0.030022702097543773,-0.03311905084252375,-0.03701945387733905,-0.0438025870485705,-0.05418804057185045,-0.07077580827374907,-0.10618627240213788,-0.16696306019972545,-0.3346218422873367,-1.351490087807543,0,-1.7256211322588837
-0.05164835114488461,-0.05169319210831121,-0.04960550405255655,-0.04425757717303311,-0.044242145630027686,-0.04727527864608787,-0.0513902839073033,-0.05694091104372429,-0.06473507412790523,-0.07461397545978456,-0.08893957939461906,-0.10916267587483831,-0.13883820235648006,-0.19096699628037508,-0.27528974872425954,-0.4661913301461017,-1.3851813441020917,-1.7256211322588837,0
