0,1.0,1.0,1.0,1.0,1.0,1.0,1.0,1.0,1.0,1.0,1.0,1.0,1.0,1.0,1.0,1.0,1.0,1.0
1.0,0,-2.1793677973391823e-12,0.2492422386679295,0.3823575557364093,0.4448587443287272,0.48472259279880114,0.5166247914377444,0.5389440476084273,0.5612520739561004,0.5802689398080103,0.5968917976361351,0.6165494765357264,0.6268928645460087,0.6386824516799497,0.6418801849776399,0.6123783248031194,0.804153315173519,1.2322453056952476
1.0,-2.1793677973391823e-12,0,1.2960598985646439,1.3110996764534781,1.2378748957247574,1.192420152715584,1.1749119468766525,1.1562529458226225,1.157102102073296,1.1598819637034954,1.1640497997546702,1.1831847236309219,1.1799034629814424,1.1848520913404232,1.1691419242771388,1.067571952649117,1.5682132601095353,2.6868254105063816
1.0,0.2492422386679295,1.2960598985646439,0,1.3486991396360979,1.1158844007013626,1.0433184519313978,1.0405937358484405,1.0250563859813304,1.0475610334016006,1.0674569482376364,1.0858790350087695,1.1313508296726622,1.1289476927634818,1.142016671789921,1.1145873507690485,0.9258360488568845,1.867285931931488,3.9223581648822305
1.0,0.3823575557364093,1.3110996764534781,1.3486991396360979,0,0.6573100999155786,0.745234321553479,0.855239441177202,0.8758983353695162,0.9519469692474296,1.005581521852174,1.0476398797551232,1.1322667966585942,1.1280301084509634,1.1502478832406395,1.1038553404255689,0.7938410663067035,2.333952460961983,5.618604104723768
1.0,0.4448587443287272,1.2378748957247574,1.1158844007013626,0.6573100999155786,0,0.8959614811490715,1.054079292940595,1.0152938500153281,1.1166007065788504,1.1742702267600493,1.2151622905054567,1.33032071759966,1.2979674281125908,1.3145530166654633,1.226335487198007,0.7387280599710148,3.084005085063655,7.9715994537981985
1.0,0.48472259279880114,1.192420152715584,1.0433184519313978,0.745234321553479,0.8959614811490715,0,1.3014868902832684,1.0692896905185723,1.2404709885008305,1.3047756876387504,1.3424269556853803,1.505006690203498,1.4257067831925125,1.4338132984791492,1.2865534653916886,0.5561424277795641,4.006444904496534,11.000447178019702
1.0,0.5166247914377444,1.1749119468766525,1.0405937358484405,0.855239441177202,1.054079292940595,1.3014868902832684,0,0.7287337975310827,1.2881881442532812,1.386267993003893,1.4248722633905444,1.6693194215967404,1.5115225390629394,1.509382056037635,1.279510349740492,0.21512480624556207,5.201469746848553,14.980297559922304
1.0,0.5389440476084273,1.1562529458226225,1.0250563859813304,0.8758983353695162,1.0152938500153281,1.0692896905185723,0.7287337975310827,0,2.0700323784176424,1.7823988778344895,1.6799178638099665,2.004763990825001,1.6680035322521065,1.6319356538481942,1.2693146259781407,-0.27194186073907556,6.878902867508188,20.365397452681716
1.0,0.5612520739561004,1.157102102073296,1.0475610334016006,0.9519469692474296,1.1166007065788504,1.2404709885008305,1.2881881442532812,2.0700323784176424,0,1.395199166386441,1.4363061835220114,2.1131914429699528,1.526512911100491,1.5076629709802893,0.9912042111684832,-1.2009257490620924,9.103947551294961,27.60631497287847
1.0,0.5802689398080103,1.1598819637034954,1.0674569482376364,1.005581521852174,1.1742702267600493,1.3047756876387504,1.386267993003893,1.7823988778344895,1.395199166386441,0,1.4900129642932411,2.7556689789318383,1.45785256497618,1.4507133879186955,0.6755868941894342,-2.4868979247848757,12.508387749036464,37.855792933665775
1.0,0.5968917976361351,1.1640497997546702,1.0858790350087695,1.0476398797551232,1.2151622905054567,1.3424269556853803,1.4248722633905444,1.6799178638099665,1.4363061835220114,1.4900129642932411,0,4.369384462936054,0.8950135964426921,1.1353819631381525,0.012715968031016267,-4.583799877533293,17.711854183013816,52.56805872692563
1.0,0.6165494765357264,1.1831847236309219,1.1313508296726622,1.1322667966585942,1.33032071759966,1.505006690203498,1.6693194215967404,2.004763990825001,2.1131914429699528,2.7556689789318383,4.369384462936054,0,-3.445701876234209,-0.24876564822995073,-1.5132063767627608,-8.203376464581574,26.117918186197485,74.39435855502241
1.0,0.6268928645460087,1.1799034629814424,1.1289476927634818,1.1280301084509634,1.2979674281125908,1.4257067831925125,1.5115225390629394,1.6680035322521065,1.526512911100491,1.45785256497618,0.8950135964426921,-3.445701876234209,0,3.67725989772485,-1.1623112822698138,-12.484155410318827,42.41872583592455,109.34981116789352
1.0,0.6386824516799497,1.1848520913404232,1.142016671789921,1.1502478832406395,1.3145530166654633,1.4338132984791492,1.509382056037635,1.6319356538481942,1.5076629709802893,1.4507133879186955,1.1353819631381525,-0.24876564822995073,3.67725989772485,0,-7.018763820804406,-24.124217867600876,72.09225175480947,164.97399602314937
1.0,0.6418801849776399,1.1691419242771388,1.1145873507690485,1.1038553404255689,1.226335487198007,1.2865534653916886,1.279510349740492,1.2693146259781407,0.9912042111684832,0.6755868941894342,0.012715968031016267,-1.5132063767627608,-1.1623112822698138,-7.018763820804406,0,-44.56190623972282,144.37039749042287,263.7773450720379
1.0,0.6123783248031194,1.067571952649117,0.9258360488568845,0.7938410663067035,0.7387280599710148,0.5561424277795641,0.21512480624556207,-0.27194186073907556,-1.2009257490620924,-2.4868979247848757,-4.583799877533293,-8.203376464581574,-12.484155410318827,-24.124217867600876,-44.56190623972282,0,367.6053038836525,441.5383754165289
1.0,0.804153315173519,1.5682132601095353,1.867285931931488,2.333952460961983,3.084005085063655,4.006444904496534,5.201469746848553,6.878902867508188,9.103947551294961,12.508387749036464,17.711854183013816,26.117918186197485,42.41872583592455,72.09225175480947,144.37039749042287,367.6053038836525,0,528.0400664712183
1.0,1.2322453056952476,2.6868254105063816,3.9223581648822305,5.618604104723768,7.9715994537981985,11.000447178019702,14.980297559922304,20.365397452681716,27.60631497287847,37.855792933665775,52.56805872692563,74.39435855502241,109.34981116789352,164.97399602314937,263.7773450720379,441.5383754165289,528.0400664712183,0
