0,1.0,1.0,1.0,1.0,1.0,1.0,1.0,1.0,1.0,1.0,1.0,1.0,1.0,1.0,1.0,1.0,1.0,1.0
1.0,0,-12.476649250077381,-12.724138440972482,-12.803784430419347,-12.860308629752323,-12.889537487725464,-12.906310161518334,-12.923598509610363,-12.937496735040893,-12.94966812174204,-12.95856013891415,-12.971473790231709,-12.980605508724793,-12.982199223392449,-12.998414212450351,-12.990785440203725,-12.985547903422043,-13.375177226267715
1.0,-12.476649250077381,0,-13.19161811119143,-13.09847433575181,-13.093160767468524,-13.075734031351155,-13.059234232059488,-13.057271389473149,-13.056798410679708,-13.058196131235729,-13.057599305808546,-13.06553198092388,-13.069138598766951,-13.062904355738969,-13.07919519790622,-13.061732299744742,-13.04900236747749,-13.58692923003236
1.0,-12.724138440972482,-13.19161811119143,0,-12.954524817939047,-13.031944251398125,-13.02590643371591,-13.01379509981757,-13.02256757769029,-13.029399762941244,-13.036591709263526,-13.039177361294216,-13.053186996373768,-13.059823490383145,-13.052231706813924,-13.075577574352447,-13.052376386244083,-13.036223718127165,-13.746364627611014
1.0,-12.803784430419347,-13.09847433575181,-12.954524817939047,0,-13.139576164908771,-13.060401278614286,-13.023643185393679,-13.034699153798943,-13.042019323671843,-13.049905292051148,-13.05107920637467,-13.068838799115193,-13.075690311985248,-13.063328808628617,-13.093141115204933,-13.060753698781546,-13.038950163750098,-13.95135431398478
1.0,-12.860308629752323,-13.093160767468524,-13.031944251398125,-13.139576164908771,0,-12.957233934942087,-12.952146864520286,-13.003408063508205,-13.025947752476137,-13.042365583181537,-13.045829167912727,-13.071870499968917,-13.080751555385348,-13.063363847977023,-13.102738830464922,-13.059424421594775,-13.031569484129578,-14.190769328163585
1.0,-12.889537487725464,-13.075734031351155,-13.02590643371591,-13.060401278614286,-12.957233934942087,0,-12.945801123585094,-13.045507869428112,-13.06395869718204,-13.07608886994937,-13.071569338491456,-13.102513678373503,-13.108541094442542,-13.080180696933901,-13.129569625967811,-13.069577768694668,-13.032650584428842,-14.497597092986283
1.0,-12.906310161518334,-13.059234232059488,-13.01379509981757,-13.023643185393679,-12.952146864520286,-12.945801123585094,0,-13.166048801821717,-13.122812863768766,-13.115567597754723,-13.09446730712448,-13.13296294380889,-13.134032475797447,-13.090083760111266,-13.15400746031911,-13.071855341269277,-13.024161073948196,-14.877886755298459
1.0,-12.923598509610363,-13.057271389473149,-13.02256757769029,-13.034699153798943,-13.003408063508205,-13.045507869428112,-13.166048801821717,0,-13.071760296088824,-13.091426853946842,-13.068314950746235,-13.136228667040514,-13.136810811497428,-13.075054476500513,-13.164466725253693,-13.05431582878549,-12.995552434353021,-15.355405682571595
1.0,-12.937496735040893,-13.056798410679708,-13.029399762941244,-13.042019323671843,-13.025947752476137,-13.06395869718204,-13.122812863768766,-13.071760296088824,0,-13.114226115446302,-13.058003469722978,-13.172478138373869,-13.160094501237497,-13.064794166596787,-13.19057900639826,-13.03757565145221,-12.963885937538294,-15.99460416111606
1.0,-12.94966812174204,-13.058196131235729,-13.036591709263526,-13.049905292051148,-13.042365583181537,-13.07608886994937,-13.115567597754723,-13.091426853946842,-13.114226115446302,0,-12.993777667353232,-13.23941404317016,-13.187966038913329,-13.035324710935269,-13.22293799724418,-13.005316611736392,-12.914310818546241,-16.860404693049716
1.0,-12.95856013891415,-13.057599305808546,-13.039177361294216,-13.05107920637467,-13.045829167912727,-13.071569338491456,-13.09446730712448,-13.068314950746235,-13.058003469722978,-12.993777667353232,0,-13.516652518215453,-13.245712369717044,-12.975172636470964,-13.276134454676761,-12.952493733296004,-12.842017508983727,-18.0769759166661
1.0,-12.971473790231709,-13.06553198092388,-13.053186996373768,-13.068838799115193,-13.071870499968917,-13.102513678373503,-13.13296294380889,-13.136228667040514,-13.172478138373869,-13.23941404317016,-13.516652518215453,0,-12.942974297747694,-12.662812674457598,-13.288567274330811,-12.805560161737906,-12.694910966736145,-19.827577376862386
1.0,-12.980605508724793,-13.069138598766951,-13.059823490383145,-13.075690311985248,-13.080751555385348,-13.108541094442542,-13.134032475797447,-13.136810811497428,-13.160094501237497,-13.187966038913329,-13.245712369717044,-12.942974297747694,0,-12.352426529988133,-13.652761573331459,-12.71642630404638,-12.586926586328063,-22.612567730985567
1.0,-12.982199223392449,-13.062904355738969,-13.052231706813924,-13.063328808628617,-13.063363847977023,-13.080180696933901,-13.090083760111266,-13.075054476500513,-13.064794166596787,-13.035324710935269,-12.975172636470964,-12.662812674457598,-12.352426529988133,0,-15.082897890277938,-12.513113361133383,-12.406865644078872,-27.1807256177349
1.0,-12.998414212450351,-13.07919519790622,-13.075577574352447,-13.093141115204933,-13.102738830464922,-13.129569625967811,-13.15400746031911,-13.164466725253693,-13.19057900639826,-13.22293799724418,-13.276134454676761,-13.288567274330811,-13.652761573331459,-15.082897890277938,0,-9.704651082880787,-11.353255464212076,-35.02059889962549
1.0,-12.990785440203725,-13.061732299744742,-13.052376386244083,-13.060753698781546,-13.059424421594775,-13.069577768694668,-13.071855341269277,-13.05431582878549,-13.03757565145221,-13.005316611736392,-12.952493733296004,-12.805560161737906,-12.71642630404638,-12.513113361133383,-9.704651082880787,0,-13.145022322678594,-53.10882842764493
1.0,-12.985547903422043,-13.04900236747749,-13.036223718127165,-13.038950163750098,-13.031569484129578,-13.032650584428842,-13.024161073948196,-12.995552434353021,-12.963885937538294,-12.914310818546241,-12.842017508983727,-12.694910966736145,-12.586926586328063,-12.406865644078872,-11.353255464212076,-13.145022322678594,0,-96.33107365050711
1.0,-13.375177226267715,-13.58692923003236,-13.746364627611014,-13.95135431398478,-14.190769328163585,-14.497597092986283,-14.877886755298459,-15.355405682571595,-15.99460416111606,-16.860404693049716,-18.0769759166661,-19.827577376862386,-22.612567730985567,-27.1807256177349,-35.02059889962549,-53.10882842764493,-96.33107365050711,0
