0,-1.5033948834047685e-08,1.3115643249254796e-08,-0.06428667109101713,-0.0775199426397708,-0.08129194423076085,-0.07775054357432451,-0.07188697040174342,-0.0670458888760588,-0.062300904182897285,-0.057973847919165156,-0.05368961927998754,-0.05077460697700948,-0.04762655890129848,-0.043583796747333606,-0.04246130330723532,-0.03754911582498419,-0.03358703048502334,-0.044653689626612404
-1.5033948834047685e-08,0,2.9539076173313723e-08,-0.10989340453779624,-0.11021118926870357,-0.10432154351602604,-0.09262924425559507,-0.08088801147419876,-0.07247237147670851,-0.06525364460230228,-0.059234852793992696,-0.05368713302740421,-0.05010845548158951,-0.04638742206031958,-0.0417092449458295,-0.040605802918483584,-0.03505737908946459,-0.0307271878078063,-0.04374498019900457
1.3115643249254796e-08,2.9539076173313723e-08,0,-0.23832295370413847,-0.15810572309333282,-0.12616347899841576,-0.10025683034233623,-0.08095437296651299,-0.06931440134371046,-0.060423304023938584,-0.05362129324912059,-0.04764365813018513,-0.04422331900935592,-0.04058941950098092,-0.0357914434619008,-0.03526620130368669,-0.02941188352560455,-0.025052729421048497,-0.04063637180295686
-0.06428667109101713,-0.10989340453779624,-0.23832295370413847,0,-0.05988815353897289,-0.0661269580982689,-0.05343182336792437,-0.04286238623173868,-0.038791374652364465,-0.03520891224401121,-0.03238602086440327,-0.02931462768344442,-0.02855414293519875,-0.02681452078112305,-0.02323484299646045,-0.02443722794303886,-0.019049652934083176,-0.015347843064892005,-0.034294693674414276
-0.0775199426397708,-0.11021118926870357,-0.15810572309333282,-0.05988815353897289,0,-0.07294316151732957,-0.04642587856748803,-0.03345945219453089,-0.03126991768025534,-0.028796002957430383,-0.026843068069866166,-0.024247257581677926,-0.024374267466531783,-0.02303668439084762,-0.019377939443889467,-0.021417741037128915,-0.0155331176186887,-0.011725404400210871,-0.0339361918472677
-0.08129194423076085,-0.10432154351602604,-0.12616347899841576,-0.0661269580982689,-0.07294316151732957,0,-0.01823840268377113,-0.014850108292671872,-0.02069697183811929,-0.021303907026550887,-0.02107965156851195,-0.019280091122655454,-0.02063656893224164,-0.019768383613178078,-0.015937422198801465,-0.018982083181620504,-0.012407128068197939,-0.008431021975786266,-0.03451898006548906
-0.07775054357432451,-0.09262924425559507,-0.10025683034233623,-0.05343182336792437,-0.04642587856748803,-0.01823840268377113,0,-0.011394171723122824,-0.023540501742928488,-0.023067533670367055,-0.0220601090988255,-0.019307715220166367,-0.0210686826971205,-0.019864563646980495,-0.015096386477172792,-0.018960177366849906,-0.01109257576825163,-0.006616083697523583,-0.037262599607119744
-0.07188697040174342,-0.08088801147419876,-0.08095437296651299,-0.04286238623173868,-0.03345945219453089,-0.014850108292671872,-0.011394171723122824,0,-0.03607658857192137,-0.026995473883158354,-0.023522960485323596,-0.019033967780289783,-0.021505606979819018,-0.019814348322228982,-0.013782657876753505,-0.018849921881231992,-0.009310566887450092,-0.0042865657283903255,-0.04071304976528789
-0.0670458888760588,-0.07247237147670851,-0.06931440134371046,-0.038791374652364465,-0.03126991768025534,-0.02069697183811929,-0.023540501742928488,-0.03607658857192137,0,-0.017583068252284232,-0.017943685128107886,-0.013881821348145253,-0.019413228615474645,-0.01780732214307417,-0.010517498403165737,-0.017722330116492567,-0.00617696762112161,-0.0007288871406896861,-0.04467344795023022
-0.062300904182897285,-0.06525364460230228,-0.060423304023938584,-0.03520891224401121,-0.028796002957430383,-0.021303907026550887,-0.023067533670367055,-0.026995473883158354,-0.017583068252284232,0,-0.018313036537572696,-0.011226529655281765,-0.02092446806201126,-0.018058513069225096,-0.008145569381572963,-0.018168376150166105,-0.0034830513116732046,0.002613663492282065,-0.051028984759333554
-0.057973847919165156,-0.059234852793992696,-0.05362129324912059,-0.03238602086440327,-0.026843068069866166,-0.02107965156851195,-0.0220601090988255,-0.023522960485323596,-0.017943685128107886,-0.018313036537572696,0,-0.004033534613228673,-0.02512070956908225,-0.018705080291277886,-0.004416302478778901,-0.019132409744729843,0.00019488329494758705,0.006909030401120239,-0.059813138152589686
-0.05368961927998754,-0.05368713302740421,-0.04764365813018513,-0.02931462768344442,-0.024247257581677926,-0.019280091122655454,-0.019307715220166367,-0.019033967780289783,-0.013881821348145253,-0.011226529655281765,-0.004033534613228673,0,-0.04693418308284222,-0.021624744786432705,0.0015176293617675245,-0.021618223187896118,0.00518781574789916,0.012363270899970684,-0.07253996650925985
-0.05077460697700948,-0.05010845548158951,-0.04422331900935592,-0.02855414293519875,-0.024374267466531783,-0.02063656893224164,-0.0210686826971205,-0.021505606979819018,-0.019413228615474645,-0.02092446806201126,-0.02512070956908225,-0.04693418308284222,0,0.00441555435049762,0.02554125660259317,-0.02115257325114331,0.016338751679217705,0.02198426583713317,-0.08962607704275047
-0.04762655890129848,-0.04638742206031958,-0.04058941950098092,-0.02681452078112305,-0.02303668439084762,-0.019768383613178078,-0.019864563646980495,-0.019814348322228982,-0.01780732214307417,-0.018058513069225096,-0.018705080291277886,-0.021624744786432705,0.00441555435049762,0,0.04596674428325611,-0.0451446263707247,0.023182183736034877,0.02815186436588986,-0.12261538198761433
-0.043583796747333606,-0.0417092449458295,-0.0357914434619008,-0.02323484299646045,-0.019377939443889467,-0.015937422198801465,-0.015096386477172792,-0.013782657876753505,-0.010517498403165737,-0.008145569381572963,-0.004416302478778901,0.0015176293617675245,0.02554125660259317,0.04596674428325611,0,-0.14219357897383297,0.038979161388895234,0.037989131755734214,-0.17833496452023653
-0.04246130330723532,-0.040605802918483584,-0.03526620130368669,-0.02443722794303886,-0.021417741037128915,-0.018982083181620504,-0.018960177366849906,-0.018849921881231992,-0.017722330116492567,-0.018168376150166105,-0.019132409744729843,-0.021618223187896118,-0.02115257325114331,-0.0451446263707247,-0.14219357897383297,0,0.21172104386021875,0.09079629611716997,-0.2558319457183452
-0.03754911582498419,-0.03505737908946459,-0.02941188352560455,-0.019049652934083176,-0.0155331176186887,-0.012407128068197939,-0.01109257576825163,-0.009310566887450092,-0.00617696762112161,-0.0034830513116732046,0.00019488329494758705,0.00518781574789916,0.016338751679217705,0.023182183736034877,0.038979161388895234,0.21172104386021875,0,-0.01556209305261979,-0.5854546262887979
-0.03358703048502334,-0.0307271878078063,-0.025052729421048497,-0.015347843064892005,-0.011725404400210871,-0.008431021975786266,-0.006616083697523583,-0.0042865657283903255,-0.0007288871406896861,0.002613663492282065,0.006909030401120239,0.012363270899970684,0.02198426583713317,0.02815186436588986,0.037989131755734214,0.09079629611716997,-0.01556209305261979,0,-4.635280267592797
-0.044653689626612404,-0.04374498019900457,-0.04063637180295686,-0.034294693674414276,-0.0339361918472677,-0.03451898006548906,-0.037262599607119744,-0.04071304976528789,-0.04467344795023022,-0.051028984759333554,-0.059813138152589686,-0.07253996650925985,-0.08962607704275047,-0.12261538198761433,-0.17833496452023653,-0.2558319457183452,-0.5854546262887979,-4.635280267592797,0
