0,2.4208341089523886,2.416773609051964,2.4256366669957368,2.428984034938821,2.4561506178413524,1.9127913064752733
-2.4208341089523886,0,2.4127131091515395,2.428037946017411,2.4317006769342986,2.4649797450635935,1.8111827459798504
-2.416773609051964,-2.4127131091515395,0,2.4433627828832822,2.441194460825678,2.482401957034278,1.660800155186928
-2.4256366669957368,-2.428037946017411,-2.4433627828832822,0,2.4390261387680736,2.5019215441097757,1.39994594595481
-2.428984034938821,-2.4317006769342986,-2.441194460825678,-2.4390261387680736,0,2.564816949451478,0.8804058495481781
-2.4561506178413524,-2.4649797450635935,-2.482401957034278,-2.5019215441097757,-2.564816949451478,0,-0.8040052503551216
-1.9127913064752733,-1.8111827459798504,-1.660800155186928,-1.39994594595481,-0.8804058495481781,0.8040052503551216,0
