0,2.4202958750107864,2.422503256501753,2.389259068289264,2.35206046704382,2.2577655404787516,2.751609642316249
-2.4202958750107864,0,2.4247106379927197,2.373740664928503,2.329315331054831,2.2171329568457425,2.8178723957773415
-2.422503256501753,-2.4247106379927197,0,2.322770691864286,2.2816176775858867,2.147940396463417,2.916162835223497
-2.389259068289264,-2.373740664928503,-2.322770691864286,0,2.2404646633074874,2.0605252487629824,3.1139602163432336
-2.35206046704382,-2.329315331054831,-2.2816176775858867,-2.2404646633074874,0,1.8805858342184774,3.550707992861107
-2.2577655404787516,-2.2171329568457425,-2.147940396463417,-2.0605252487629824,-1.8805858342184774,0,5.220830151503737
-2.751609642316249,-2.8178723957773415,-2.916162835223497,-3.1139602163432336,-3.550707992861107,-5.220830151503737,0
