0,2.4042592014377417,2.4055541549385406,2.4070376921514405,2.429480814775082,2.2900001490620117,1.8506400417823183
-2.4042592014377417,0,2.4068491084393395,2.40842693750829,2.437888019220862,2.2614353859680794,1.7399162098512335
-2.4055541549385406,-2.4068491084393395,0,2.4100047665772406,2.4534074746116232,2.212964145144326,1.5731829852042072
-2.4070376921514405,-2.40842693750829,-2.4100047665772406,0,2.496810182646006,2.114443834427868,1.294242391413196
-2.429480814775082,-2.437888019220862,-2.4534074746116232,-2.496810182646006,0,1.7320774862097306,0.6929584957967911
-2.2900001490620117,-2.2614353859680794,-2.212964145144326,-2.114443834427868,-1.7320774862097306,0,-0.3461604946161483
-1.8506400417823183,-1.7399162098512335,-1.5731829852042072,-1.294242391413196,-0.6929584957967911,0.3461604946161483,0
