0,2.4003169984101342,2.3898996595418986,2.38309385404046,2.2933418277767466,2.1418944038318926,2.1376863457153434
-2.4003169984101342,0,2.379482320673663,2.374482281855623,2.257683437565617,2.0772887551873325,2.085160215176385
-2.3898996595418986,-2.379482320673663,0,2.3694822430375826,2.1967839960115945,1.9765575666918886,2.0115796888020654
-2.38309385404046,-2.374482281855623,-2.3694822430375826,0,2.0240857489856063,1.7800952285190417,1.8922788373902266
-2.2933418277767466,-2.257683437565617,-2.1967839960115945,-2.0240857489856063,0,1.536104708052477,1.8263753815925368
-2.1418944038318926,-2.0772887551873325,-1.9765575666918886,-1.7800952285190417,-1.536104708052477,0,2.1166460551325965
-2.1376863457153434,-2.085160215176385,-2.0115796888020654,-1.8922788373902266,-1.8263753815925368,-2.1166460551325965,0
