0,2.4055669539694002,2.413026899776537,2.4154763684414875,2.3652127522745143,2.2558111292591394,2.6080153369520973
-2.4055669539694002,0,2.420486845583674,2.4204310756775307,2.3517613517095524,2.2183721730815744,2.648505013548637
-2.413026899776537,-2.420486845583674,0,2.4203753057713877,2.3173986047724915,2.1510006155808745,2.7055095555398774
-2.4154763684414875,-2.4204310756775307,-2.4203753057713877,0,2.2144219037735953,2.0163132704856177,2.8005543054627076
-2.3652127522745143,-2.3517613517095524,-2.3173986047724915,-2.2144219037735953,0,1.8182046371976401,3.0936205063072633
-2.2558111292591394,-2.2183721730815744,-2.1510006155808745,-2.0163132704856177,-1.8182046371976401,0,4.369036375416886
-2.6080153369520973,-2.648505013548637,-2.7055095555398774,-2.8005543054627076,-3.0936205063072633,-4.369036375416886,0
