0,2.4080337464692287,2.4122374450735586,2.421165371207517,2.433707150832902,2.5212561193471004,2.6641548874937517
-2.4080337464692287,0,2.4164411436778885,2.427731183576661,2.4422649522874593,2.549561712566568,2.7153791156986564
-2.4122374450735586,-2.4164411436778885,0,2.439021223475433,2.455176856592245,2.5939352355294614,2.7901136087038485
-2.421165371207517,-2.427731183576661,-2.439021223475433,0,2.4713324897090567,2.6713922415564757,2.9071444037799865
-2.433707150832902,-2.4422649522874593,-2.455176856592245,-2.4713324897090567,0,2.8714519934038947,3.125050360815452
-2.5212561193471004,-2.549561712566568,-2.5939352355294614,-2.6713922415564757,-2.8714519934038947,0,3.3786487282270095
-2.6641548874937517,-2.7153791156986564,-2.7901136087038485,-2.9071444037799865,-3.125050360815452,-3.3786487282270095,0
