0,2.4078326868203743,2.409238534969143,2.4067710644121343,2.403810641637476,2.4042386060053396,2.7567777044949042
-2.4078326868203743,0,2.4106443831179116,2.406240253208014,2.4024699599098436,2.403340085801581,2.82656670802981
-2.409238534969143,-2.4106443831179116,0,2.401836123298117,2.398382748305809,2.4009053200294708,2.9305472892577846
-2.4067710644121343,-2.406240253208014,-2.401836123298117,0,2.3949293733135013,2.4004399183951475,3.1067843445776737
-2.403810641637476,-2.4024699599098436,-2.398382748305809,-2.3949293733135013,0,2.4059504634767936,3.46271183020976
-2.4042386060053396,-2.403340085801581,-2.4009053200294708,-2.4004399183951475,-2.4059504634767936,0,4.519473196942727
-2.7567777044949042,-2.82656670802981,-2.9305472892577846,-3.1067843445776737,-3.46271183020976,-4.519473196942727,0
