0,2.4089973193501817,2.4111752578680736,2.412700338224767,2.4152681076167153,2.4016068933293253,2.19570736879689
-2.4089973193501817,0,2.4133531963859656,2.414551847662059,2.417358370372227,2.399759286824111,2.153049378686232
-2.4111752578680736,-2.4133531963859656,0,2.415750498938153,2.419360957365357,2.395227983636826,2.0879734242612984
-2.412700338224767,-2.414551847662059,-2.415750498938153,0,2.422971415792561,2.3849667259861627,1.9787143993690135
-2.4152681076167153,-2.417358370372227,-2.419360957365357,-2.422971415792561,0,2.3469620361797645,1.7565858911572398
-2.4016068933293253,-2.399759286824111,-2.395227983636826,-2.3849667259861627,-2.3469620361797645,0,1.1662097461347152
-2.19570736879689,-2.153049378686232,-2.0879734242612984,-1.9787143993690135,-1.7565858911572398,-1.1662097461347152,0
