0,0.7102900825673946,0.7113317934726748,0.7136324662321819,0.7172588321630711,0.7225244002357374,0.7295736122816662
-0.7102900825673946,0,0.7123735043779551,0.7153036580645756,0.7195817486949633,0.725582979652823,0.7334303182245205
-0.7113317934726748,-0.7123735043779551,0,0.7182338117511962,0.7231858708534673,0.7299861380777791,0.7386945216861619
-0.7136324662321819,-0.7153036580645756,-0.7182338117511962,0,0.7281379299557384,0.7358623012410705,0.7455147583311504
-0.7172588321630711,-0.7195817486949633,-0.7231858708534673,-0.7281379299557384,0,0.7435866725264026,0.7542031725188565
-0.7225244002357374,-0.725582979652823,-0.7299861380777791,-0.7358623012410705,-0.7435866725264026,0,0.7648196725113103
-0.7295736122816662,-0.7334303182245205,-0.7386945216861619,-0.7455147583311504,-0.7542031725188565,-0.7648196725113103,0
