0,0.7140133138822331,0.7134413212543714,0.7126948780609518,0.7117000079587992,0.7102793694322732,0.708313708583734
-0.7140133138822331,0,0.7128693286265098,0.7120356601503111,0.7109289059843212,0.7093458833197832,0.7071737875240343
-0.7134413212543714,-0.7128693286265098,0,0.7112019916741124,0.7099586946632269,0.7081714015508744,0.7057499022484153
-0.7126948780609518,-0.7120356601503111,-0.7112019916741124,0,0.7087153976523415,0.7066561064892554,0.7039325391065163
-0.7117000079587992,-0.7109289059843212,-0.7099586946632269,-0.7087153976523415,0,0.7045968153261692,0.7015411098336037
-0.7102793694322732,-0.7093458833197832,-0.7081714015508744,-0.7066561064892554,-0.7045968153261692,0,0.6984854043410382
-0.708313708583734,-0.7071737875240343,-0.7057499022484153,-0.7039325391065163,-0.7015411098336037,-0.6984854043410382,0
