0,0.7136022371298252,0.7145202460798281,0.7164916810018925,0.7201274530243388,0.7269843430094289,0.7397211616183245
-0.7136022371298252,0,0.715438255029831,0.7179364029379262,0.7223025249891766,0.7303298694793299,0.7449449465160244
-0.7145202460798281,-0.715438255029831,0,0.7204345508460213,0.7257346599688494,0.7352937409624961,0.7523216193875727
-0.7164916810018925,-0.7179364029379262,-0.7204345508460213,0,0.7310347690916776,0.7427233360207335,0.7629506422347565
-0.7201274530243388,-0.7223025249891766,-0.7257346599688494,-0.7310347690916776,0,0.7544119029497893,0.7789085788062959
-0.7269843430094289,-0.7303298694793299,-0.7352937409624961,-0.7427233360207335,-0.7544119029497893,0,0.8034052546628025
-0.7397211616183245,-0.7449449465160244,-0.7523216193875727,-0.7629506422347565,-0.7789085788062959,-0.8034052546628025,0
