0,1.83327020106925,1.833483496563054,1.8323917392034828,1.829458152363596,1.827739999510671,1.8301489547776921
-1.83327020106925,0,1.8336967920568579,1.8319525082705992,1.8281874694617113,1.8263574491210262,1.8295247055193804
-1.833483496563054,-1.8336967920568579,0,1.8302082244843403,1.825432808164138,1.823911001475749,1.8284816838850113
-1.8323917392034828,-1.8319525082705992,-1.8302082244843403,0,1.8206573918439357,1.8207623899714531,1.8279061703519017
-1.829458152363596,-1.8281874694617113,-1.825432808164138,-1.8206573918439357,0,1.8208673880989705,1.8315305596058846
-1.827739999510671,-1.8263574491210262,-1.823911001475749,-1.8207623899714531,-1.8208673880989705,0,1.8421937311127987
-1.8301489547776921,-1.8295247055193804,-1.8284816838850113,-1.8279061703519017,-1.8315305596058846,-1.8421937311127987,0
