0,1.8338223747892095,1.833845546239408,1.8310501546983928,1.8199358008481603,1.789383849134228,1.6826752277716048
-1.8338223747892095,0,1.8338687176896067,1.8296640446529844,1.8153069428678108,1.7782742177204827,1.652445798368084
-1.833845546239408,-1.8338687176896067,0,1.825459371616362,1.8060260554569125,1.7597427177307745,1.6070900685377032
-1.8310501546983928,-1.8296640446529844,-1.825459371616362,0,1.786592739297463,1.7268843907879807,1.5343003008448168
-1.8199358008481603,-1.8153069428678108,-1.8060260554569125,-1.786592739297463,0,1.6671760422784985,1.4081540816184939
-1.789383849134228,-1.7782742177204827,-1.7597427177307745,-1.7268843907879807,-1.6671760422784985,0,1.1491321209584893
-1.6826752277716048,-1.652445798368084,-1.6070900685377032,-1.5343003008448168,-1.4081540816184939,-1.1491321209584893,0
