0,1.832861043889696,1.832892944305596,1.8342787672326077,1.83688202123908,1.8268934499139167,1.7506051776322058
-1.832861043889696,0,1.8329248447214959,1.8349876289040639,1.838222347022208,1.825401551419972,1.7341540043807075
-1.832892944305596,-1.8329248447214959,0,1.8370504130866316,1.840871098172564,1.8228937869861308,1.7094612942955107
-1.8342787672326077,-1.8349876289040639,-1.8370504130866316,0,1.8446917832584964,1.81581547393588,1.6669315880318036
-1.83688202123908,-1.838222347022208,-1.840871098172564,-1.8446917832584964,0,1.7869391646132637,1.5780514904184573
-1.8268934499139167,-1.825401551419972,-1.8228937869861308,-1.81581547393588,-1.7869391646132637,0,1.3691638162236508
-1.7506051776322058,-1.7341540043807075,-1.7094612942955107,-1.6669315880318036,-1.5780514904184573,-1.3691638162236508,0
