0,3.2109241897472525,3.1315491537913127,2.2704515948986073,1.8329479431689342,1.231079247758069,1.1271315847886585
-3.2109241897472525,0,3.052174117835373,1.8002152974742847,1.3736225276428282,0.7361180122607732,0.7103730637969398
-3.1315491537913127,-3.052174117835373,0,0.5482564771131964,0.5343467325465556,-0.035900689597426684,0.12492280028733149
-2.2704515948986073,-1.8002152974742847,-0.5482564771131964,0,0.5204369879799149,-0.3279792729527382,-0.01618842532129013
-1.8329479431689342,-1.3736225276428282,-0.5343467325465556,-0.5204369879799149,0,-1.1763955338853913,-0.28450113197189264
-1.231079247758069,-0.7361180122607732,0.035900689597426684,0.3279792729527382,1.1763955338853913,0,0.607393269941606
-1.1271315847886585,-0.7103730637969398,-0.12492280028733149,0.01618842532129013,0.28450113197189264,-0.607393269941606,0
