0,3.069192250573711,2.9674790988338375,2.2505925658425947,1.835610811441801,1.5317063144757437,1.4742828763980456
-3.069192250573711,0,2.8657659470939643,1.8412927234770369,1.424416998397831,1.147334830451252,1.1553010015629126
-2.9674790988338375,-2.8657659470939643,0,0.8168194998601095,0.7037425240497646,0.5745244582370145,0.7276847651801497
-2.2505925658425947,-1.8412927234770369,-0.8168194998601095,0,0.5906655482394196,0.45337693742546703,0.6979731869534964
-1.835610811441801,-1.424416998397831,-0.7037425240497646,-0.5906655482394196,0,0.3160883266115144,0.7516270063105348
-1.5317063144757437,-1.147334830451252,-0.5745244582370145,-0.45337693742546703,-0.3160883266115144,0,1.1871656860095552
-1.4742828763980456,-1.1553010015629126,-0.7276847651801497,-0.6979731869534964,-0.7516270063105348,-1.1871656860095552,0
