0,3.277759255105552,2.911237962306973,2.2035393492532003,1.7524654588133783,1.4214039113012809,1.2165529136535518
-3.277759255105552,0,2.5447166695083943,1.6664293963270247,1.2440341933826538,0.957315075350213,0.8043116453631516
-2.911237962306973,-2.5447166695083943,0,0.7881421231456551,0.5936929553197836,0.4281812106308192,0.369210389326841
-2.2035393492532003,-1.6664293963270247,-0.7881421231456551,0,0.3992437874939121,0.24820075437340128,0.22956647805390298
-1.7524654588133783,-1.2440341933826538,-0.5936929553197836,-0.3992437874939121,0,0.09715772125289046,0.14472782333389844
-1.4214039113012809,-0.957315075350213,-0.4281812106308192,-0.24820075437340128,-0.09715772125289046,0,0.19229792541490642
-1.2165529136535518,-0.8043116453631516,-0.369210389326841,-0.22956647805390298,-0.14472782333389844,-0.19229792541490642,0
