0,3.2710466971971104,2.9053721358405005,2.2066244088425635,1.639885676697581,1.353482758885813,1.6094379124341005
-3.2710466971971104,0,2.5396975744838906,1.6744132646652898,1.096165336531071,0.8740917743079887,1.2771161554814985
-2.9053721358405005,-2.5396975744838906,0,0.8091289548466891,0.3743992175546613,0.3188898409160214,0.9614708007309005
-2.2066244088425635,-1.6744132646652898,-0.8091289548466891,0,-0.06033051973736647,0.07377028395068752,1.0122514160256377
-1.639885676697581,-1.096165336531071,-0.3743992175546613,0.06033051973736647,0,0.20787108763874151,1.5485423839071397
-1.353482758885813,-0.8740917743079887,-0.3188898409160214,-0.07377028395068752,-0.20787108763874151,0,2.889213680175538
-1.6094379124341005,-1.2771161554814985,-0.9614708007309005,-1.0122514160256377,-1.5485423839071397,-2.889213680175538,0
