0,4.596842603422248,4.485366914552984,3.8463451271538136,2.8637056520919733,2.309922039289001,1.8628898891852321
-4.596842603422248,0,4.373891225683721,3.4710963890195963,2.2859933349818817,1.7381918982556894,1.316099346337829
-4.485366914552984,-4.373891225683721,0,2.5683015523554715,1.242044389630962,0.8596254557796789,0.551651376501356
-3.8463451271538136,-3.4710963890195963,-2.5683015523554715,0,-0.08421277309354736,0.005287407491782581,-0.1205653487833492
-2.8637056520919733,-2.2859933349818817,-1.242044389630962,0.08421277309354736,0,0.09478758807711252,-0.13874163662825012
-2.309922039289001,-1.7381918982556894,-0.8596254557796789,-0.005287407491782581,-0.09478758807711252,0,-0.37227086133361276
-1.8628898891852321,-1.316099346337829,-0.551651376501356,0.1205653487833492,0.13874163662825012,0.37227086133361276,0
