0,4.606223280297306,4.579405932626611,3.854552972033088,2.896959671081349,2.1133670366275115,1.8489262419488455
-4.606223280297306,0,4.552588584955916,3.478717817900979,2.32720513467603,1.4901529757100629,1.2974668342791533
-4.579405932626611,-4.552588584955916,0,2.4048470508460422,1.214513409536087,0.46934110596144524,0.4836863966099627
-3.854552972033088,-3.478717817900979,-2.4048470508460422,0,0.02417976822613177,-0.4984118664808532,-0.15670048813539714
-2.896959671081349,-2.32720513467603,-1.214513409536087,-0.02417976822613177,0,-1.0210035011878382,-0.24714061631616158
-2.1133670366275115,-1.4901529757100629,-0.46934110596144524,0.4984118664808532,1.0210035011878382,0,0.5267222685555151
-1.8489262419488455,-1.2974668342791533,-0.4836863966099627,0.15670048813539714,0.24714061631616158,-0.5267222685555151,0
