0,4.622387232381303,4.608369734631745,3.8656705566349454,2.9027529403223262,2.1455978897565102,2.2531117579546214
-4.622387232381303,0,4.594352236882187,3.4873122187617662,2.3295415096360004,1.526400554100312,1.779256663069285
-4.608369734631745,-4.594352236882187,0,2.380272200641345,1.197136146012907,0.5037499931730203,1.0754827696160594
-3.8656705566349454,-3.4873122187617662,-2.380272200641345,0,0.014000091384469115,-0.4345111105611421,0.6405529592742975
-2.9027529403223262,-2.3295415096360004,-1.197136146012907,-0.014000091384469115,0,-0.8830223125067533,0.9538293932192117
-2.1455978897565102,-1.526400554100312,-0.5037499931730203,0.4345111105611421,0.8830223125067533,0,2.7906810989451767
-2.2531117579546214,-1.779256663069285,-1.0754827696160594,-0.6405529592742975,-0.9538293932192117,-2.7906810989451767,0
