0,4.578760881902459,4.460128592254828,3.789492953535067,2.7876805907068984,2.1216205817252427,2.0993299024537477
-4.578760881902459,0,4.341496302607198,3.394858989351371,2.190653826975045,1.5073355066809386,1.6034437065640055
-4.460128592254828,-4.341496302607198,0,2.448221676095544,1.1152325891589685,0.5626152413721854,0.9189305575532072
-3.789492953535067,-3.394858989351371,-2.448221676095544,0,-0.2177564977776072,-0.38018797598949394,0.4091668513724282
-2.7876805907068984,-2.190653826975045,-1.1152325891589685,0.2177564977776072,0,-0.5426194542013807,0.7226285259474459
-2.1216205817252427,-1.5073355066809386,-0.5626152413721854,0.38018797598949394,0.5426194542013807,0,1.9878765060962724
-2.0993299024537477,-1.6034437065640055,-0.9189305575532072,-0.4091668513724282,-0.7226285259474459,-1.9878765060962724,0
