0,4.584570079377466,4.542275183358941,3.7298702799632473,2.886335994739775,2.312760961991787,1.7247771289223486
-4.584570079377466,0,4.499980287340417,3.302520380256138,2.3202579665272114,1.7448086826453673,1.152818538831325
-4.542275183358941,-4.499980287340417,0,2.105060473171859,1.2303968061206083,0.8264181477470173,0.31602810170405204
-3.7298702799632473,-3.302520380256138,-2.105060473171859,0,0.35573313906935766,0.18709698503459649,-0.2803160221185503
-2.886335994739775,-2.3202579665272114,-1.2303968061206083,-0.35573313906935766,0,0.01846083099983531,-0.5983406027125042
-2.312760961991787,-1.7448086826453673,-0.8264181477470173,-0.18709698503459649,-0.01846083099983531,0,-1.2151420364248438
-1.7247771289223486,-1.152818538831325,-0.31602810170405204,0.2803160221185503,0.5983406027125042,1.2151420364248438,0
