0,1.0,3.9655772993924923e-07,4.621366058104794e-08,4.512237869503165e-08,2.659932023137722e-08,1.736770469553224e-09,1.4389574721180055e-07,6.499445084218217e-08,1.4820134218085311e-08,1.586000148274804e-07,4.006747142133978e-09,6.287807059250646e-08
1.0,0,-1.2449692512611188,-1.1429987701095392,-1.0651337185293561,-1.0154299265177125,-0.9705870145911355,-0.9516826007306592,-0.9320823095588621,-0.9200397231569426,-0.9045632951446447,-0.8785251159264226,-0.9051375925684109
3.9655772993924923e-07,-1.2449692512611188,0,-0.741856427257047,-0.6551904976177427,-0.6335142489382548,-0.5942852132691528,-0.6170295899903869,-0.6174062612051384,-0.6278693031547892,-0.621104788619961,-0.583556863768663,-0.6746700419965826
4.621366058104794e-08,-1.1429987701095392,-0.741856427257047,0,-0.4747886054997193,-0.5262671206033677,-0.4814415234494061,-0.5618850568975963,-0.5750020844904135,-0.6022520260483355,-0.5937670284756822,-0.530709770093255,-0.6935524594860386
4.512237869503165e-08,-1.0651337185293561,-0.6551904976177427,-0.4747886054997193,0,-0.6123694793727391,-0.46140653662690345,-0.6284214570935699,-0.6326333079863438,-0.666913348559159,-0.6403976088616289,-0.5293141463191384,-0.7885253584701897
2.659932023137722e-08,-1.0154299265177125,-0.6335142489382548,-0.5262671206033677,-0.6123694793727391,0,-0.23883928700182633,-0.7196444129101078,-0.6901056153091049,-0.7326287670532902,-0.6722543109546966,-0.4864114188363943,-0.8964124708882137
1.736770469553224e-09,-0.9705870145911355,-0.5942852132691528,-0.4814415234494061,-0.46140653662690345,-0.23883928700182633,0,-1.4323223783855275,-0.9387098377196639,-0.9115673404301075,-0.7490901460660779,-0.4243021804655284,-1.0764410155054658
1.4389574721180055e-07,-0.9516826007306592,-0.6170295899903869,-0.5618850568975963,-0.6284214570935699,-0.7196444129101078,-1.4323223783855275,0,-0.23130343305877898,-0.6185313187996485,-0.4577506246691876,-0.027803381474552462,-1.1431727329805663
6.499445084218217e-08,-0.9320823095588621,-0.6174062612051384,-0.5750020844904135,-0.6326333079863438,-0.6901056153091049,-0.9387098377196639,-0.23130343305877898,0,-1.1279131644963007,-0.4978126168123842,0.24818780641289628,-1.6008155044121402
1.4820134218085311e-08,-0.9200397231569426,-0.6278693031547892,-0.6022520260483355,-0.666913348559159,-0.7326287670532902,-0.9115673404301075,-0.6185313187996485,-1.1279131644963007,0,0.2857566605368577,1.0945300254314279,-2.299001533692422
1.586000148274804e-07,-0.9045632951446447,-0.621104788619961,-0.5937670284756822,-0.6403976088616289,-0.6722543109546966,-0.7490901460660779,-0.4577506246691876,-0.4978126168123842,0.2857566605368577,0,1.8959444770928107,-4.824591828912758
4.006747142133978e-09,-0.8785251159264226,-0.583556863768663,-0.530709770093255,-0.5293141463191384,-0.4864114188363943,-0.4243021804655284,-0.027803381474552462,0.24818780641289628,1.0945300254314279,1.8959444770928107,0,0
6.287807059250646e-08,-0.9051375925684109,-0.6746700419965826,-0.6935524594860386,-0.7885253584701897,-0.8964124708882137,-1.0764410155054658,-1.1431727329805663,-1.6008155044121402,-2.299001533692422,-4.824591828912758,0,0
