0,1.0,1.0,1.0,1.0,1.0,1.0,1.0,1.0,1.0,1.0,1.0,1.0
1.0,0,1.6591279072022418,1.6076148616031105,1.6493430321993054,1.7413314035573744,1.8355404082680615,1.9152416696155037,1.9173602139296724,1.978395169344419,2.067923822218357,2.1614538873411457,2.3329061141583574
1.0,1.6591279072022418,0,1.391260053585046,1.6848955709584443,2.024319619888133,2.2908104117813552,2.4772613468418236,2.407129977654338,2.541833460852063,2.7596681325060803,2.9812199997235016,3.4210812952187526
1.0,1.6076148616031105,1.391260053585046,0,2.418984457880471,2.988363573171692,3.3223566681373207,3.497643873794924,3.135184114494454,3.3136228752268635,3.6733646798675523,4.030004030896161,4.8170312404701665
1.0,1.6493430321993054,1.6848955709584443,2.418984457880471,0,4.109868037720943,4.279845949002631,4.293228225542352,3.326575899269864,3.6312821533003645,4.246989320883416,4.8098779897051385,6.103110100809389
1.0,1.7413314035573744,2.024319619888133,2.988363573171692,4.109868037720943,0,4.571236706234024,4.428110896989243,2.4216831377896675,3.263533586846494,4.4463434146278615,5.374724430551608,7.439223562523291
1.0,1.8355404082680615,2.2908104117813552,3.3223566681373207,4.279845949002631,4.571236706234024,0,4.20416106606959,0.06515311322925355,2.6564948363316034,4.949458073973568,6.397961317472808,9.55785343088054
1.0,1.9152416696155037,2.4772613468418236,3.497643873794924,4.293228225542352,4.428110896989243,4.20416106606959,0,-6.005392877675587,3.023818456045612,7.089345242430816,8.891659715648958,13.419863905370187
1.0,1.9173602139296724,2.407129977654338,3.135184114494454,3.326575899269864,2.4216831377896675,0.06515311322925355,-6.005392877675587,0,15.642264494516525,15.950291057298163,15.339663206492316,20.795027655832264
1.0,1.978395169344419,2.541833460852063,3.3136228752268635,3.6312821533003645,3.263533586846494,2.6564948363316034,3.023818456045612,15.642264494516525,0,16.364942217893812,14.914746909628603,24.671429849284223
1.0,2.067923822218357,2.7596681325060803,3.6733646798675523,4.246989320883416,4.4463434146278615,4.949458073973568,7.089345242430816,15.950291057298163,16.364942217893812,0,13.020048443013563,32.936009336623414
1.0,2.1614538873411457,2.9812199997235016,4.030004030896161,4.8098779897051385,5.374724430551608,6.397961317472808,8.891659715648958,15.339663206492316,14.914746909628603,13.020048443013563,0,58.32886148311474
1.0,2.3329061141583574,3.4210812952187526,4.8170312404701665,6.103110100809389,7.439223562523291,9.55785343088054,13.419863905370187,20.795027655832264,24.671429849284223,32.936009336623414,58.32886148311474,0
