0,0.00024414062281941096,0.00018284664594781882,0.0001473360185844878,0.0001271488221314473,0.00011343982681548161,0.00010365740721391206,9.527094516341097e-05,8.888150720732687e-05,8.400615901429035e-05,7.906451103130922e-05,7.437820559492106e-05,6.903121740244768e-05
0.00024414062281941096,0,0.000244140625,0.00024453920675557127,0.00024370802954362425,0.00024271567346289665,0.00024152812027750074,0.0002409477422414628,0.0002401245366384155,0.00023902260359598502,0.00023869637963720673,0.00023877876069964472,0.0002399548538025781
0.00018284664594781882,0.000244140625,0,0.00026937201312038925,0.00023089643319493882,0.00021454937008000385,0.00020242273147687192,0.00020104461120901037,0.00019684164818497098,0.00019060241546308646,0.0001915527866249624,0.00019518757350746638,0.0002066853289892238
0.0001473360185844878,0.00024453920675557127,0.00026937201312038925,0,0.00012845537751647487,0.0001341255516773752,0.00013096403197181575,0.0001434116347671741,0.00014407353487304523,0.00013859945069827475,0.0001460943733427091,0.00015726168050201098,0.0001834804682670419
0.0001271488221314473,0.00024370802954362425,0.00023089643319493882,0.00012845537751647487,0,0.00014722072482337793,0.00013117243060469742,0.00016171620983825081,0.00015815213965300978,0.00014332372195890485,0.00015792844445765267,0.00017961102264128336,0.000235310600852635
0.00011343982681548161,0.00024271567346289665,0.00021454937008000385,0.0001341255516773752,0.00014722072482337793,0,0.00010691329952056288,0.00019557861144361884,0.0001733953616594287,0.00013937799397533167,0.00016764719819837415,0.0002082215644253478,0.0003246836660748921
0.00010365740721391206,0.00024152812027750074,0.00020242273147687192,0.00013096403197181575,0.00013117243060469742,0.00010691329952056288,0,0.0005411037647185078,0.0002257522755265853,0.00013097739657887068,0.00018712402804147468,0.0002658489016205979,0.0005384691049396163
9.527094516341097e-05,0.0002409477422414628,0.00020104461120901037,0.0001434116347671741,0.00016171620983825081,0.00019557861144361884,0.0005411037647185078,0,5.833253822167121e-05,4.456436741969844e-05,0.00013636982768253485,0.00027444496089197443,0.0008808985784773653
8.888150720732687e-05,0.0002401245366384155,0.00019684164818497098,0.00014407353487304523,0.00015815213965300978,0.0001733953616594287,0.0002257522755265853,5.833253822167121e-05,0,3.156208833010173e-05,0.0003425440580582393,0.0008440627521018182,0.004736766729587932
8.400615901429035e-05,0.00023902260359598502,0.00019060241546308646,0.00013859945069827475,0.00014332372195890485,0.00013937799397533167,0.00013097739657887068,4.456436741969844e-05,3.156208833010173e-05,0,0.010885034746737635,0.010013703360470975,0.1285489526791599
7.906451103130922e-05,0.00023869637963720673,0.0001915527866249624,0.0001460943733427091,0.00015792844445765267,0.00016764719819837415,0.00018712402804147468,0.00013636982768253485,0.0003425440580582393,0.010885034746737635,0,0.008704622886896754,3.9622266792425953
7.437820559492106e-05,0.00023877876069964472,0.00019518757350746638,0.00015726168050201098,0.00017961102264128336,0.0002082215644253478,0.0002658489016205979,0.00027444496089197443,0.0008440627521018182,0.010013703360470975,0.008704622886896754,0,19932501.624880843
6.903121740244768e-05,0.0002399548538025781,0.0002066853289892238,0.0001834804682670419,0.000235310600852635,0.0003246836660748921,0.0005384691049396163,0.0008808985784773653,0.004736766729587932,0.1285489526791599,3.9622266792425953,19932501.624880843,0
