0,0.00024414062281941096,0.00018080432615799301,0.00014805686080177294,0.00012763777212030245,0.00011268253635939463,0.00010196526303872285,9.442252463477327e-05,8.813651151782766e-05,8.289553133684893e-05,7.719863335792076e-05,7.15168205852308e-05,6.570583898750647e-05
0.00024414062281941096,0,0.000244140625,0.00024360175601758794,0.00024289265237368885,0.00024256109689578344,0.0002419597259142232,0.00024085469135306001,0.00023997420986324002,0.00023918358989581534,0.0002394964355480847,0.00024040963381127952,0.0002418870494350233
0.00018080432615799301,0.000244140625,0,0.0002146414263277435,0.00020910948850440836,0.00021214232069499702,0.000208758423005239,0.0001996658895297721,0.00019488681759458426,0.00019151972425842834,0.00019771878559339225,0.00020799309046695664,0.00022243511130165764
0.00014805686080177294,0.00024360175601758794,0.0002146414263277435,0,0.00018992280918872417,0.00021120310295643613,0.00020029517900541956,0.00017615383658712335,0.00016816724700964832,0.00016395813905480618,0.0001816653568696639,0.0002081527253631737,0.00024558937783555017
0.00012763777212030245,0.00024289265237368885,0.00020910948850440836,0.00018992280918872417,0,0.0002731898941191668,0.0002035215083766768,0.00014698103330219037,0.00013937440387131906,0.00013766547609806053,0.00017444623157398463,0.0002286576757591354,0.00031070326322355955
0.00011268253635939463,0.00024256109689578344,0.00021214232069499702,0.00021120310295643613,0.0002731898941191668,0,0.00011557274455999826,7.55873082953745e-05,8.944929783701532e-05,9.996514526103898e-05,0.00016477963482198026,0.00026689632870232293,0.00044318196116783023
0.00010196526303872285,0.0002419597259142232,0.000208758423005239,0.00020029517900541956,0.0002035215083766768,0.00011557274455999826,0,4.010355992962527e-05,8.361419567361856e-05,0.00010579871176819596,0.00025044566593706815,0.0005234239069978609,0.0011102573056313173
9.442252463477327e-05,0.00024085469135306001,0.0001996658895297721,0.00017615383658712335,0.00014698103330219037,7.55873082953745e-05,4.010355992962527e-05,0,0.00023710848959018033,0.0002041124940922905,0.0007888654626830722,0.002207612836292958,0.006439881817244842
8.813651151782766e-05,0.00023997420986324002,0.00019488681759458426,0.00016816724700964832,0.00013937440387131906,8.944929783701532e-05,8.361419567361856e-05,0.00023710848959018033,0,0.0001643113232750415,0.0032258666447129757,0.0152365254278138,0.07815095769773307
8.289553133684893e-05,0.00023918358989581534,0.00019151972425842834,0.00016395813905480618,0.00013766547609806053,9.996514526103898e-05,0.00010579871176819596,0.0002041124940922905,0.0001643113232750415,0,0.5702283236092955,1.709732204365851,20.205501985643938
7.719863335792076e-05,0.0002394964355480847,0.00019771878559339225,0.0001816653568696639,0.00017444623157398463,0.00016477963482198026,0.00025044566593706815,0.0007888654626830722,0.0032258666447129757,0.5702283236092955,0,23.349343253472963,16080.240963124117
7.15168205852308e-05,0.00024040963381127952,0.00020799309046695664,0.0002081527253631737,0.0002286576757591354,0.00026689632870232293,0.0005234239069978609,0.002207612836292958,0.0152365254278138,1.709732204365851,23.349343253472963,0,0
6.570583898750647e-05,0.0002418870494350233,0.00022243511130165764,0.00024558937783555017,0.00031070326322355955,0.00044318196116783023,0.0011102573056313173,0.006439881817244842,0.07815095769773307,20.205501985643938,16080.240963124117,0,0
