0,0.00024414062281941096,0.00017658945427158118,0.00014345977846866206,0.0001234015388105601,0.00010907381154377722,9.97124190295889e-05,9.24888316095746e-05,8.59817807976853e-05,8.021735383149337e-05,7.426890750869146e-05,6.893627622518536e-05,6.389242175266697e-05
0.00024414062281941096,0,0.000244140625,0.00024335868286783449,0.00024234085712114464,0.000241618759814182,0.00024019580167663378,0.00023884233204039378,0.00023811067146664494,0.00023774297485922507,0.0002382799623038871,0.000238932640197735,0.0002398322910764144
0.00017658945427158118,0.000244140625,0,0.000196759555237044,0.00018953855304831125,0.0001900953878756819,0.00017920025936319798,0.0001722520248666185,0.00017236565925740367,0.00017481776342217036,0.00018375430645078752,0.00019228186121523,0.00020200307751306573
0.00014345977846866206,0.00024335868286783449,0.000196759555237044,0,0.00016549496896477433,0.00017993951263382496,0.0001508991057406473,0.00014008459311683224,0.00014616189339460435,0.0001555164882984014,0.00017882693470677586,0.00020038175973805666,0.00022497078872461853
0.0001234015388105601,0.00024234085712114464,0.00018953855304831125,0.00016549496896477433,0,0.00021910949109711365,0.0001211176486768659,0.00011079617001149966,0.00012995607097007156,0.00015127331149605296,0.0002001071295292843,0.00024583397652992457,0.00030038890557022987
0.00010907381154377722,0.000241618759814182,0.0001900953878756819,0.00017993951263382496,0.00021910949109711365,0,4.268986401460987e-05,6.589787885415195e-05,0.00011185969600908911,0.00015526851412072905,0.0002560424462116526,0.0003550545789189552,0.0004825816746881699
9.97124190295889e-05,0.00024019580167663378,0.00017920025936319798,0.0001508991057406473,0.0001211176486768659,4.268986401460987e-05,0,0.0001245843920390407,0.0002607131549981699,0.0003545152934464146,0.0007137699080013608,0.0010597692103224358,0.0015646800590522003
9.24888316095746e-05,0.00023884233204039378,0.0001722520248666185,0.00014008459311683224,0.00011079617001149966,6.589787885415195e-05,0.0001245843920390407,0,0.000844899086599021,0.0008342751342074987,0.0024837411943789923,0.003919108669514414,0.006485947796631611
8.59817807976853e-05,0.00023811067146664494,0.00017236565925740367,0.00014616189339460435,0.00012995607097007156,0.00011185969600908911,0.0002607131549981699,0.000844899086599021,0,0.000817217940613922,0.009783947296764524,0.015995041418178004,0.03209373792517591
8.021735383149337e-05,0.00023774297485922507,0.00017481776342217036,0.0001555164882984014,0.00015127331149605296,0.00015526851412072905,0.0003545152934464146,0.0008342751342074987,0.000817217940613922,0,1.0960219062618182,0.29420483852521223,0.5687490150134408
7.426890750869146e-05,0.0002382799623038871,0.00018375430645078752,0.00017882693470677586,0.0002001071295292843,0.0002560424462116526,0.0007137699080013608,0.0024837411943789923,0.009783947296764524,1.0960219062618182,0,0.019697309219324746,0.469970853710535
6.893627622518536e-05,0.000238932640197735,0.00019228186121523,0.00020038175973805666,0.00024583397652992457,0.0003550545789189552,0.0010597692103224358,0.003919108669514414,0.015995041418178004,0.29420483852521223,0.019697309219324746,0,394.2337473529573
6.389242175266697e-05,0.0002398322910764144,0.00020200307751306573,0.00022497078872461853,0.00030038890557022987,0.0004825816746881699,0.0015646800590522003,0.006485947796631611,0.03209373792517591,0.5687490150134408,0.469970853710535,394.2337473529573,0
