0,1.0,4.016184855766519e-10,2.9479141942195467e-07,1.6031509247515823e-07,1.106866089673792e-08,3.734478112064616e-08,1.7123627476290783e-07,2.2558229882511064e-08,1.1766456399039226e-07,1.6184629385139234e-08,1.1339399366305615e-08,1.2622315974031365e-08
1.0,0,-1.378309105100307,-1.1856097637124605,-1.0918255921416626,-1.0472075874967288,-1.0145443978449924,-0.996152819405085,-0.9688424078296802,-0.9627225938959288,-0.9483875788467887,-0.9271114498897983,-0.9553545015850984
4.016184855766519e-10,-1.378309105100307,0,-0.43908684664392056,-0.49439134827344405,-0.5628805737482605,-0.5886287767788827,-0.6201998867114397,-0.6040295546087816,-0.6360144434512135,-0.6347421461459345,-0.6108906163786412,-0.7063305179008406
2.9479141942195467e-07,-1.1856097637124605,-0.43908684664392056,0,-0.6032856039322022,-0.7103080993616552,-0.7111758199705962,-0.742625744564791,-0.6840987005986916,-0.7306997834883308,-0.7148393769020202,-0.6620887816848577,-0.8233865081874817
1.6031509247515823e-07,-1.0918255921416626,-0.49439134827344405,-0.6032856039322022,0,-0.901041357685634,-0.7903269747037922,-0.8236434528036383,-0.6866578616611261,-0.7708056312406399,-0.7356286565660111,-0.6429774906574289,-0.9098124961879467
1.106866089673792e-08,-1.0472075874967288,-0.5628805737482605,-0.7103080993616552,-0.901041357685634,0,-0.6124607109262851,-0.7917262931521413,-0.5406590472355136,-0.7375751043096314,-0.6859983208333211,-0.5450578743629341,-0.9802345086813946
3.734478112064616e-08,-1.0145443978449924,-0.5886287767788827,-0.7111758199705962,-0.7903269747037922,-0.6124607109262851,0,-1.0598982908075014,-0.37921413723751574,-0.8082151604761512,-0.6981480403952023,-0.46701669600170065,-1.1561601573741873
1.7123627476290783e-07,-0.996152819405085,-0.6201998867114397,-0.742625744564791,-0.8236434528036383,-0.7917262931521413,-1.0598982908075014,0,0.5010102283380449,-0.8685512162200718,-0.6493700888037066,-0.2866488530878662,-1.403527014160002
2.2558229882511064e-08,-0.9688424078296802,-0.6040295546087816,-0.6840987005986916,-0.6866578616611261,-0.5406590472355136,-0.37921413723751574,0.5010102283380449,0,-2.776746819355902,-1.1637185220431143,-0.2802867049568353,-2.116244698702244
1.1766456399039226e-07,-0.9627225938959288,-0.6360144434512135,-0.7306997834883308,-0.7708056312406399,-0.7375751043096314,-0.8082151604761512,-0.8685512162200718,-2.776746819355902,0,1.0133875487918347,1.1643056689450806,-2.5019892191908553
1.6184629385139234e-08,-0.9483875788467887,-0.6347421461459345,-0.7148393769020202,-0.7356286565660111,-0.6859983208333211,-0.6981480403952023,-0.6493700888037066,-1.1637185220431143,1.0133875487918347,0,1.3119135036532446,-5.641999831022208
1.1339399366305615e-08,-0.9271114498897983,-0.6108906163786412,-0.6620887816848577,-0.6429774906574289,-0.5450578743629341,-0.46701669600170065,-0.2866488530878662,-0.2802867049568353,1.1643056689450806,1.3119135036532446,0,0
1.2622315974031365e-08,-0.9553545015850984,-0.7063305179008406,-0.8233865081874817,-0.9098124961879467,-0.9802345086813946,-1.1561601573741873,-1.403527014160002,-2.116244698702244,-2.5019892191908553,-5.641999831022208,0,0
