0,7.279719480502146,5.279583289940206,4.319938641016745,3.2603532011890204,2.608209342275414,2.177227625374534,1.866473785936913,1.6345001382325968,1.4529560281044855,1.3081686672093995,1.1897262078381894,1.0909619798281782,1.00709700766766,0.9352862686466468,0.875207103746327,0.8181962998403188,0.7733379568953759,0.7223936330134408,0.6905159504116607,0.619676818029386
-7.279719480502146,0,3.279447099378266,2.8400482212740443,1.9205644414179786,1.4403318077187308,1.1567292543490117,0.9642661701760408,0.8280402321940897,0.7246105965547781,0.6446630212879834,0.5807268805717937,0.5283476615850903,0.48437846826478625,0.4472529446577622,0.4177419339780543,0.38742808779619703,0.3666891116699527,0.3366685831611641,0.32444908762885594,0.2691482568466092
-5.279583289940206,-3.279447099378266,0,2.400649343169823,1.241123112437835,0.8272933771655525,0.6260497930916982,0.5012299843355958,0.4194724209967271,0.3596339532942799,0.31531501152669805,0.2808690784821856,0.2532377178057727,0.23028131998174264,0.21123676509772027,0.19761076740880726,0.1808553012546207,0.17250524582273183,0.15274492589759525,0.15062567517300832,0.10190943226151718
-4.319938641016745,-2.8400482212740443,-2.400649343169823,0,0.08159688170584722,0.04061539416341731,0.03451660973232329,0.02637514462703905,0.02323703656210796,0.019464721648356036,0.017410107006251656,0.015896545396230977,0.014636426098656032,0.01324451766293464,0.012199258000256402,0.014024219428722636,0.010101913414989765,0.013352096012225343,0.002884631412780081,0.009999195923207416,-0.03331056249779492
-3.2603532011890204,-1.9205644414179786,-1.241123112437835,-0.08159688170584722,0,-0.00036609337901261085,0.010976473745561321,0.00796789893410299,0.008647075276173144,0.007038289636857797,0.00671231122298573,0.006510783066285798,0.006266369147757134,0.005649810547055465,0.00525949562969732,0.007881250130802219,0.004143999390751644,0.008102497112715969,-0.0027376721795818577,0.005226016871031428,-0.040492277760522555
-2.608209342275414,-1.4403318077187308,-0.8272933771655525,-0.04061539416341731,0.00036609337901261085,0,0.022319040870135254,0.012134895090660791,0.011651464827901728,0.0088893853908254,0.008127992143385398,0.0076569291405022,0.007213863794438525,0.006401798537813974,0.005884561075109534,0.008705984481783701,0.004554007824366576,0.008808212987026684,-0.0029201013180871847,0.005625453317463146,-0.04316735671928988
-2.177227625374534,-1.1567292543490117,-0.6260497930916982,-0.03451660973232329,-0.010976473745561321,-0.022319040870135254,0,0.0019507493111863283,0.0063176768067849665,0.004412833564388781,0.004580229961697935,0.004724506794575589,0.004696334281822405,0.004127906776053791,0.003830251100731319,0.007193422660855752,0.0027775045197897088,0.007579955906744085,-0.005023363167105721,0.00434133119802683,-0.047844956547105966
-1.866473785936913,-0.9642661701760408,-0.5012299843355958,-0.02637514462703905,-0.00796789893410299,-0.012134895090660791,-0.0019507493111863283,0,0.010684604302383605,0.005643875690990008,0.0054567235118684705,0.005417946165422904,0.00524545127594962,0.0044907663535317015,0.004098751356380603,0.00784875682956443,0.0028693662096345284,0.008142876566299861,-0.0056573733924049985,0.004540546355263538,-0.0516753954592823
-1.6345001382325968,-0.8280402321940897,-0.4194724209967271,-0.02323703656210796,-0.008647075276173144,-0.011651464827901728,-0.0063176768067849665,-0.010684604302383605,0,0.0006031470795964111,0.002842783116610903,0.003662393453102671,0.0038856630193411235,0.0032519987637613214,0.0030011091987134364,0.007443635762018833,0.0018924614480408941,0.007860462373401668,-0.007291571161883859,0.003981995632798077,-0.056872062106087785
-1.4529560281044855,-0.7246105965547781,-0.3596339532942799,-0.019464721648356036,-0.007038289636857797,-0.0088893853908254,-0.004412833564388781,-0.005643875690990008,-0.0006031470795964111,0,0.005082419153625395,0.005192016639855801,0.004979834999256028,0.003914211684802549,0.0034807016225368416,0.008583717209089237,0.0020766492149615345,0.008767626785127325,-0.008168762077603888,0.004319880488118244,-0.06209708112296817
-1.3081686672093995,-0.6446630212879834,-0.31531501152669805,-0.017410107006251656,-0.00671231122298573,-0.008127992143385398,-0.004580229961697935,-0.0054567235118684705,-0.002842783116610903,-0.005082419153625395,0,0.005301614126086207,0.004928542922071344,0.0035248091951949334,0.003080272239764703,0.009283976820182005,0.0015756875585175578,0.00929408501819903,-0.009825159731507549,0.004235153969728561,-0.06881503115062752
-1.1897262078381894,-0.5807268805717937,-0.2808690784821856,-0.015896545396230977,-0.006510783066285798,-0.0076569291405022,-0.004724506794575589,-0.005417946165422904,-0.003662393453102671,-0.005192016639855801,-0.005301614126086207,0,0.004555471718056481,0.0026364067297492966,0.0023398249443242016,0.010279567493705954,0.000830502245003828,0.009959496833551166,-0.011986127425449513,0.004101846450183855,-0.07705021395915128
-1.0909619798281782,-0.5283476615850903,-0.2532377178057727,-0.014636426098656032,-0.006266369147757134,-0.007213863794438525,-0.004696334281822405,-0.00524545127594962,-0.0038856630193411235,-0.004979834999256028,-0.004928542922071344,-0.004555471718056481,0,0.0007173417414421124,0.0012320015574580623,0.012187599418922446,-0.00010074012325933523,0.011040301856650104,-0.014743060616033846,0.0040370428404877656,-0.08725092466880224
-1.00709700766766,-0.48437846826478625,-0.23028131998174264,-0.01324451766293464,-0.005649810547055465,-0.006401798537813974,-0.004127906776053791,-0.0044907663535317015,-0.0032519987637613214,-0.003914211684802549,-0.0035248091951949334,-0.0026364067297492966,-0.0007173417414421124,0,0.0017466613734740122,0.017922728257662612,-0.00037343407815981777,0.013621041885452101,-0.01783514108752904,0.004590326356995374,-0.09981781987026572
-0.9352862686466468,-0.4472529446577622,-0.21123676509772027,-0.012199258000256402,-0.00525949562969732,-0.005884561075109534,-0.003830251100731319,-0.004098751356380603,-0.0030011091987134364,-0.0034807016225368416,-0.003080272239764703,-0.0023398249443242016,-0.0012320015574580623,-0.0017466613734740122,0,0.03409879514185121,-0.0014334818039767327,0.01757916872277813,-0.0227305917027798,0.0051590593536996465,-0.11674523341088901
-0.875207103746327,-0.4177419339780543,-0.19761076740880726,-0.014024219428722636,-0.007881250130802219,-0.008705984481783701,-0.007193422660855752,-0.00784875682956443,-0.007443635762018833,-0.008583717209089237,-0.009283976820182005,-0.010279567493705954,-0.012187599418922446,-0.017922728257662612,-0.03409879514185121,0,-0.03696575874980468,0.00931935551324159,-0.04167372065099014,-0.002075874593338245,-0.14691403912143705
-0.8181962998403188,-0.38742808779619703,-0.1808553012546207,-0.010101913414989765,-0.004143999390751644,-0.004554007824366576,-0.0027775045197897088,-0.0028693662096345284,-0.0018924614480408941,-0.0020766492149615345,-0.0015756875585175578,-0.000830502245003828,0.00010074012325933523,0.00037343407815981777,0.0014334818039767327,0.03696575874980468,0,0.05560446977628786,-0.04402770160158287,0.009554086792150565,-0.17440110921434515
-0.7733379568953759,-0.3666891116699527,-0.17250524582273183,-0.013352096012225343,-0.008102497112715969,-0.008808212987026684,-0.007579955906744085,-0.008142876566299861,-0.007860462373401668,-0.008767626785127325,-0.00929408501819903,-0.009959496833551166,-0.011040301856650104,-0.013621041885452101,-0.01757916872277813,-0.00931935551324159,-0.05560446977628786,0,-0.1436598729794536,-0.01347110469991808,-0.25106963554455614
-0.7223936330134408,-0.3366685831611641,-0.15274492589759525,-0.002884631412780081,0.0027376721795818577,0.0029201013180871847,0.005023363167105721,0.0056573733924049985,0.007291571161883859,0.008168762077603888,0.009825159731507549,0.011986127425449513,0.014743060616033846,0.01783514108752904,0.0227305917027798,0.04167372065099014,0.04402770160158287,0.1436598729794536,0,0.11671766357961744,-0.30477451682710743
-0.6905159504116607,-0.32444908762885594,-0.15062567517300832,-0.009999195923207416,-0.005226016871031428,-0.005625453317463146,-0.00434133119802683,-0.004540546355263538,-0.003981995632798077,-0.004319880488118244,-0.004235153969728561,-0.004101846450183855,-0.0040370428404877656,-0.004590326356995374,-0.0051590593536996465,0.002075874593338245,-0.009554086792150565,0.01347110469991808,-0.11671766357961744,0,-0.7262666972338323
-0.619676818029386,-0.2691482568466092,-0.10190943226151718,0.03331056249779492,0.040492277760522555,0.04316735671928988,0.047844956547105966,0.0516753954592823,0.056872062106087785,0.06209708112296817,0.06881503115062752,0.07705021395915128,0.08725092466880224,0.09981781987026572,0.11674523341088901,0.14691403912143705,0.17440110921434515,0.25106963554455614,0.30477451682710743,0.7262666972338323,0
