0,-13.862943611198903,-13.862943611198906,-13.862943611198903,-13.862943611198906,-13.862943611198906,-13.862943611198904,-13.862943611198904,-13.862943611198896,-13.862943611198897,-13.862943611198908,-13.862943611198906,-13.8629436111989,-13.862943611198911,-13.862943611198903,-13.862943611198911,-13.862943611198899,-13.862943611198906,-13.862943611198904,-13.862943611198908,-13.788207107197278
-13.862943611198903,0,-13.862943611198899,-13.862943611198915,-13.862943611198896,-13.862943611198906,-13.86294361119891,-13.862943611198904,-13.862943611198908,-13.862943611198908,-13.862943611198906,-13.862943611198904,-13.86294361119891,-13.862943611198919,-13.862943611198904,-13.862943611198904,-13.862943611198904,-13.862943611198906,-13.862943611198897,-13.862943611198899,-13.772079756333767
-13.862943611198906,-13.862943611198899,0,-13.862943611198904,-13.862943611198897,-13.862943611198899,-13.862943611198904,-13.8629436111989,-13.86294361119891,-13.862943611198908,-13.862943611198906,-13.862943611198906,-13.862943611198904,-13.862943611198903,-13.862943611198911,-13.862943611198906,-13.862943611198899,-13.862943611198899,-13.8629436111989,-13.86294361119891,-13.752950523730577
-13.862943611198903,-13.862943611198915,-13.862943611198904,0,-13.86294361119889,-13.862943611198906,-13.862943611198913,-13.862943611198915,-13.86294361119891,-13.86294361119891,-13.862943611198903,-13.862943611198908,-13.862943611198906,-13.862943611198903,-13.862943611198906,-13.86294361119891,-13.862943611198896,-13.862943611198915,-13.8629436111989,-13.862943611198908,-13.730101718121213
-13.862943611198906,-13.862943611198896,-13.862943611198897,-13.86294361119889,0,-13.862943611198926,-13.862943611198913,-13.862943611198919,-13.862943611198908,-13.862943611198913,-13.862943611198904,-13.862943611198904,-13.862943611198899,-13.862943611198906,-13.862943611198906,-13.86294361119891,-13.862943611198896,-13.862943611198915,-13.862943611198915,-13.862943611198904,-13.702595632025139
-13.862943611198906,-13.862943611198906,-13.862943611198899,-13.862943611198906,-13.862943611198926,0,-13.862943611198903,-13.862943611198894,-13.86294361119892,-13.862943611198922,-13.8629436111989,-13.862943611198917,-13.86294361119891,-13.862943611198906,-13.862943611198906,-13.8629436111989,-13.862943611198903,-13.8629436111989,-13.862943611198911,-13.862943611198906,-13.669189803030594
-13.862943611198904,-13.86294361119891,-13.862943611198904,-13.862943611198913,-13.862943611198913,-13.862943611198903,0,-13.862943611198926,-13.862943611198872,-13.862943611198892,-13.862943611198892,-13.862943611198906,-13.86294361119891,-13.86294361119891,-13.862943611198913,-13.862943611198908,-13.862943611198908,-13.862943611198913,-13.862943611198904,-13.86294361119891,-13.628211986130639
-13.862943611198904,-13.862943611198904,-13.8629436111989,-13.862943611198915,-13.862943611198919,-13.862943611198894,-13.862943611198926,0,-13.862943611198874,-13.862943611198924,-13.862943611198911,-13.86294361119889,-13.862943611198906,-13.862943611198894,-13.862943611198908,-13.862943611198908,-13.862943611198894,-13.8629436111989,-13.862943611198903,-13.862943611198906,-13.577371495908471
-13.862943611198896,-13.862943611198908,-13.86294361119891,-13.86294361119891,-13.862943611198908,-13.86294361119892,-13.862943611198872,-13.862943611198874,0,-13.862943611198883,-13.86294361119891,-13.862943611198924,-13.862943611198899,-13.862943611198922,-13.862943611198899,-13.862943611198892,-13.862943611198894,-13.862943611198903,-13.862943611198903,-13.862943611198915,-13.513467246332995
-13.862943611198897,-13.862943611198908,-13.862943611198908,-13.86294361119891,-13.862943611198913,-13.862943611198922,-13.862943611198892,-13.862943611198924,-13.862943611198883,0,-13.862943611198904,-13.862943611198894,-13.862943611198892,-13.862943611198887,-13.862943611198913,-13.86294361119891,-13.862943611198915,-13.862943611198903,-13.8629436111989,-13.862943611198913,-13.431922761197614
-13.862943611198908,-13.862943611198906,-13.862943611198906,-13.862943611198903,-13.862943611198904,-13.8629436111989,-13.862943611198892,-13.862943611198911,-13.86294361119891,-13.862943611198904,0,-13.862943611198922,-13.862943611198913,-13.862943611198915,-13.862943611198903,-13.862943611198915,-13.862943611198904,-13.862943611198903,-13.862943611198913,-13.862943611198908,-13.326020832450368
-13.862943611198906,-13.862943611198904,-13.862943611198906,-13.862943611198908,-13.862943611198904,-13.862943611198917,-13.862943611198906,-13.86294361119889,-13.862943611198924,-13.862943611198894,-13.862943611198922,0,-13.862943611198908,-13.862943611198926,-13.862943611198894,-13.862943611198878,-13.862943611198904,-13.862943611198887,-13.86294361119889,-13.862943611198917,-13.185594874931521
-13.8629436111989,-13.86294361119891,-13.862943611198904,-13.862943611198906,-13.862943611198899,-13.86294361119891,-13.86294361119891,-13.862943611198906,-13.862943611198899,-13.862943611198892,-13.862943611198913,-13.862943611198908,0,-13.862943611198922,-13.862943611198881,-13.862943611198887,-13.8629436111989,-13.862943611198904,-13.862943611198892,-13.862943611198922,-12.994688998043161
-13.862943611198911,-13.862943611198919,-13.862943611198903,-13.862943611198903,-13.862943611198906,-13.862943611198906,-13.86294361119891,-13.862943611198894,-13.862943611198922,-13.862943611198887,-13.862943611198915,-13.862943611198926,-13.862943611198922,0,-13.862943611198926,-13.86294361119891,-13.862943611198894,-13.862943611198904,-13.86294361119891,-13.862943611198894,-12.727145425384695
-13.862943611198903,-13.862943611198904,-13.862943611198911,-13.862943611198906,-13.862943611198906,-13.862943611198906,-13.862943611198913,-13.862943611198908,-13.862943611198899,-13.862943611198913,-13.862943611198903,-13.862943611198894,-13.862943611198881,-13.862943611198926,0,-13.862943611198915,-13.86294361119887,-13.862943611198919,-13.862943611198915,-13.86294361119891,-12.337728904534105
-13.862943611198911,-13.862943611198904,-13.862943611198906,-13.86294361119891,-13.86294361119891,-13.8629436111989,-13.862943611198908,-13.862943611198908,-13.862943611198892,-13.86294361119891,-13.862943611198915,-13.862943611198878,-13.862943611198887,-13.86294361119891,-13.862943611198915,0,-13.862943611198927,-13.862943611198933,-13.862943611198903,-13.86294361119892,-11.742786997679056
-13.862943611198899,-13.862943611198904,-13.862943611198899,-13.862943611198896,-13.862943611198896,-13.862943611198903,-13.862943611198908,-13.862943611198894,-13.862943611198894,-13.862943611198915,-13.862943611198904,-13.862943611198904,-13.8629436111989,-13.862943611198894,-13.86294361119887,-13.862943611198927,0,-13.862943611198933,-13.862943611198888,-13.862943611198897,-10.773572545784242
-13.862943611198906,-13.862943611198906,-13.862943611198899,-13.862943611198915,-13.862943611198915,-13.8629436111989,-13.862943611198913,-13.8629436111989,-13.862943611198903,-13.862943611198903,-13.862943611198903,-13.862943611198887,-13.862943611198904,-13.862943611198904,-13.862943611198919,-13.862943611198933,-13.862943611198933,0,-13.862943611198947,-13.862943611198897,-9.047159303346684
-13.862943611198904,-13.862943611198897,-13.8629436111989,-13.8629436111989,-13.862943611198915,-13.862943611198911,-13.862943611198904,-13.862943611198903,-13.862943611198903,-13.8629436111989,-13.862943611198913,-13.86294361119889,-13.862943611198892,-13.86294361119891,-13.862943611198915,-13.862943611198903,-13.862943611198888,-13.862943611198947,0,-13.862943611198856,-5.533756915228038
-13.862943611198908,-13.862943611198899,-13.86294361119891,-13.862943611198908,-13.862943611198904,-13.862943611198906,-13.86294361119891,-13.862943611198906,-13.862943611198915,-13.862943611198913,-13.862943611198908,-13.862943611198917,-13.862943611198922,-13.862943611198894,-13.86294361119891,-13.86294361119892,-13.862943611198897,-13.862943611198897,-13.862943611198856,0,3.401188813176918
-13.788207107197278,-13.772079756333767,-13.752950523730577,-13.730101718121213,-13.702595632025139,-13.669189803030594,-13.628211986130639,-13.577371495908471,-13.513467246332995,-13.431922761197614,-13.326020832450368,-13.185594874931521,-12.994688998043161,-12.727145425384695,-12.337728904534105,-11.742786997679056,-10.773572545784242,-9.047159303346684,-5.533756915228038,3.401188813176918,0
