0,-7.2919490330191765,-5.317806163906727,-4.21741805410768,-3.172874120290247,-2.4237992129553656,-1.8970597703916328,-1.5199117395635275,-1.2435823300713218,-1.0349244426126203,-0.8742169525864762,-0.7483303765728005,-0.647505707207713,-0.5655489962379651,-0.49843698319021135,-0.4425782077526207,-0.39496844622353194,-0.35591403235474917,-0.3199955055657664,-0.28478933880719276,-0.2821346815562779
-7.2919490330191765,0,-3.343663294794279,-2.8257783578708286,-1.9547823052631046,-1.393314161005129,-1.0344899215702308,-0.7960338387402118,-0.6315915520807823,-0.5125631958513776,-0.424186457172253,-0.3572351392314038,-0.3047888978623678,-0.26294912510425084,-0.22947823464020597,-0.20203278895093651,-0.17853998458092254,-0.160353105744355,-0.1421726233799734,-0.12197874245584388,-0.1353396791149726
-5.317806163906727,-3.343663294794279,0,-2.3078934209473787,-1.2014899578834748,-0.7359339151863256,-0.49653207830498947,-0.35790991562004437,-0.27166238223511113,-0.21285922940977395,-0.1714440969000884,-0.14165098742550303,-0.11886618431771546,-0.10104023502402036,-0.08732903680861923,-0.07626984142539546,-0.06641305614278528,-0.059968683506414225,-0.051459252891862345,-0.03910087080817556,-0.06259220834170365
-4.21741805410768,-2.8257783578708286,-2.3078934209473787,0,-0.09508649481956691,-0.056762065700260905,-0.03724523512128817,-0.026888944635845357,-0.02223255711733336,-0.01789416780412127,-0.014866517568430536,-0.01324773472874795,-0.011586621538754746,-0.010024965606017485,-0.009197779257715996,-0.008457362669520485,-0.006879962168803994,-0.007514085710780916,-0.004497800993865805,0.0037896316999026717,-0.027077465838248476
-3.172874120290247,-1.9547823052631046,-1.2014899578834748,-0.09508649481956691,0,-0.01843763658094811,-0.011459205028871586,-0.008817784346913451,-0.009527305936572137,-0.007977870579210188,-0.006918405197580254,-0.006881954740691447,-0.006266323061377606,-0.005456395637568335,-0.005309460856567289,-0.005093694570530091,-0.0037911044695489913,-0.004957082474558459,-0.0018795602268830752,0.007116521457732239,-0.027773398115238615
-2.4237992129553656,-1.393314161005129,-0.7359339151863256,-0.056762065700260905,-0.01843763658094811,0,-0.004480773476792957,-0.004730693374919024,-0.007838521245400914,-0.006344825621562146,-0.005476553431939547,-0.0058416462061211165,-0.005332183740622653,-0.0045498589605787055,-0.004554844558774232,-0.004437051002148469,-0.003026803145734019,-0.0044897472013325284,-0.001039341100164346,0.009044188925504923,-0.03044792902756032
-1.8970597703916328,-1.0344899215702308,-0.49653207830498947,-0.03724523512128817,-0.011459205028871586,-0.004480773476792957,0,-0.004980613273040915,-0.009993713125099822,-0.00667557374949483,-0.005327693432847874,-0.005864103798121432,-0.005202664173336679,-0.004257138090103208,-0.004328280681337314,-0.004232241188873316,-0.002602822779160053,-0.004380254238453613,-0.0004158615006265072,0.011019104300204398,-0.03400195142989541
-1.5199117395635275,-0.7960338387402118,-0.35790991562004437,-0.026888944635845357,-0.008817784346913451,-0.004730693374919024,-0.004980613273040915,0,-0.015006812977162965,-0.006134514116440158,-0.004383223457998769,-0.005511985959323778,-0.004747439072542927,-0.0036618269943269515,-0.0038995830073128897,-0.003877467555195515,-0.001993120190276429,-0.004204576021966116,0.0003912691360856124,0.013461286500627051,-0.03834023179097619
-1.2435823300713218,-0.6315915520807823,-0.27166238223511113,-0.02223255711733336,-0.009527305936572137,-0.007838521245400914,-0.009993713125099822,-0.015006812977162965,0,0.002737784744271176,-0.00025826339879818345,-0.004013887180382357,-0.0035427610504684655,-0.0024968376202046724,-0.0031353780295073777,-0.0032987849588120366,-0.0011242898675511127,-0.003951802930124091,0.0014336916945112198,0.016508308193405066,-0.04373144701887246
-1.0349244426126203,-0.5125631958513776,-0.21285922940977395,-0.01789416780412127,-0.007977870579210188,-0.006344825621562146,-0.00667557374949483,-0.006134514116440158,0.002737784744271176,0,-0.003254311541866699,-0.007516319082465601,-0.00505841393655056,-0.0029878599797495157,-0.003675573072304983,-0.0037313262548969,-0.0009050720667990699,-0.004409636432334027,0.002144523817670357,0.01983073747578874,-0.05100271515226547
-0.8742169525864762,-0.424186457172253,-0.1714440969000884,-0.014866517568430536,-0.006918405197580254,-0.005476553431939547,-0.005327693432847874,-0.004383223457998769,-0.00025826339879818345,-0.003254311541866699,0,-0.011778326623064323,-0.004840479686139333,-0.0018436158761425917,-0.0032641118471645574,-0.003475603165666757,8.508847924973797e-05,-0.004543157114180211,0.0034971544540128587,0.0244500847164864,-0.060102058796795234
-0.7483303765728005,-0.3572351392314038,-0.14165098742550303,-0.01324773472874795,-0.006881954740691447,-0.0058416462061211165,-0.005864103798121432,-0.005511985959323778,-0.004013887180382357,-0.007516319082465601,-0.011778326623064323,0,0.002097367250788223,0.0024669089761651976,-0.0018190974065219747,-0.002693191028683719,0.0017935937855452977,-0.004645152064949563,0.005430736132983865,0.03061018830290294,-0.07208440463031901
-0.647505707207713,-0.3047888978623678,-0.11886618431771546,-0.011586621538754746,-0.006266323061377606,-0.005332183740622653,-0.005202664173336679,-0.004747439072542927,-0.0035427610504684655,-0.00505841393655056,-0.004840479686139333,0.002097367250788223,0,0.0028364507015396566,-0.0045532544198535665,-0.004497316346431644,0.002505832520589496,-0.006316574858418845,0.0071156879084860476,0.03816876517700956,-0.08902653215784008
-0.5655489962379651,-0.26294912510425084,-0.10104023502402036,-0.010024965606017485,-0.005456395637568335,-0.0045498589605787055,-0.004257138090103208,-0.0036618269943269515,-0.0024968376202046724,-0.0029878599797495157,-0.0018436158761425917,0.0024669089761651976,0.0028364507015396566,0,-0.011942959541245387,-0.006923259337945744,0.0047944354583406325,-0.008472376047370625,0.010155908038155349,0.04921265877492162,-0.1125424362931194
-0.49843698319021135,-0.22947823464020597,-0.08732903680861923,-0.009197779257715996,-0.005309460856567289,-0.004554844558774232,-0.004328280681337314,-0.0038995830073128897,-0.0031353780295073777,-0.003675573072304983,-0.0032641118471645574,-0.0018190974065219747,-0.0045532544198535665,-0.011942959541245387,0,-0.0019035591346430992,0.01427946539029609,-0.010363266834246309,0.016472687200239436,0.0664427617952337,-0.14645096129805182
-0.4425782077526207,-0.20203278895093651,-0.07626984142539546,-0.008457362669520485,-0.005093694570530091,-0.004437051002148469,-0.004232241188873316,-0.003877467555195515,-0.0032987849588120366,-0.0037313262548969,-0.003475603165666757,-0.002693191028683719,-0.004497316346431644,-0.006923259337945744,-0.0019035591346430992,0,0.030462489915239914,-0.021397413475629297,0.024373590896788908,0.0911713338511609,-0.20092982095852674
-0.39496844622353194,-0.17853998458092254,-0.06641305614278528,-0.006879962168803994,-0.0037911044695489913,-0.003026803145734019,-0.002602822779160053,-0.001993120190276429,-0.0011242898675511127,-0.0009050720667990699,8.508847924973797e-05,0.0017935937855452977,0.002505832520589496,0.0047944354583406325,0.01427946539029609,0.030462489915239914,0,-0.07325731686649721,0.03760095934811186,0.13118388955400717,-0.2937627494606953
-0.35591403235474917,-0.160353105744355,-0.059968683506414225,-0.007514085710780916,-0.004957082474558459,-0.0044897472013325284,-0.004380254238453613,-0.004204576021966116,-0.003951802930124091,-0.004409636432334027,-0.004543157114180211,-0.004645152064949563,-0.006316574858418845,-0.008472376047370625,-0.010363266834246309,-0.021397413475629297,-0.07325731686649721,0,0.14845923556272517,0.23052526842947654,-0.4565653795303094
-0.3199955055657664,-0.1421726233799734,-0.051459252891862345,-0.004497800993865805,-0.0018795602268830752,-0.001039341100164346,-0.0004158615006265072,0.0003912691360856124,0.0014336916945112198,0.002144523817670357,0.0034971544540128587,0.005430736132983865,0.0071156879084860476,0.010155908038155349,0.016472687200239436,0.024373590896788908,0.03760095934811186,0.14845923556272517,0,0.3125913012962311,-0.8872704672145875
-0.28478933880719276,-0.12197874245584388,-0.03910087080817556,0.0037896316999026717,0.007116521457732239,0.009044188925504923,0.011019104300204398,0.013461286500627051,0.016508308193405066,0.01983073747578874,0.0244500847164864,0.03061018830290294,0.03816876517700956,0.04921265877492162,0.0664427617952337,0.0911713338511609,0.13118388955400717,0.23052526842947654,0.3125913012962311,0,-2.0871322357253823
-0.2821346815562779,-0.1353396791149726,-0.06259220834170365,-0.027077465838248476,-0.027773398115238615,-0.03044792902756032,-0.03400195142989541,-0.03834023179097619,-0.04373144701887246,-0.05100271515226547,-0.060102058796795234,-0.07208440463031901,-0.08902653215784008,-0.1125424362931194,-0.14645096129805182,-0.20092982095852674,-0.2937627494606953,-0.4565653795303094,-0.8872704672145875,-2.0871322357253823,0
