0,7.291949033019178,5.317806163906729,4.3145019162536125,3.2596480608951004,2.6114059760322705,2.176918442273024,1.8666416095587408,1.635187259986043,1.453195588349341,1.3082014606685939,1.1903448121190001,1.0909746305048513,1.006835316565898,0.9357715767784229,0.8735137089355044,0.8170151965073329,0.7732647329990484,0.7220578458567278,0.6676026275855195,0.7385791079925137
-7.291949033019178,0,3.34366329479428,2.825778357870829,1.915547736853741,1.4412702117855434,1.1539123241237932,0.9624237056486679,0.8270784352670237,0.7233514077656115,0.6433406192963066,0.5801843900289824,0.5272496848217306,0.4830758401947915,0.4468348493752879,0.41505404292952763,0.3853529407398765,0.36584696424779034,0.3355936583765837,0.2995833828392051,0.3936649014121629
-5.317806163906729,-3.34366329479428,0,2.3078934209473783,1.2014899578834717,0.8071391841159645,0.6064745814561716,0.4861757878195455,0.4076476253458144,0.3490211381900874,0.30580028485905997,0.2731311783883938,0.24560832382447567,0.22302243523120166,0.2054324789237052,0.18977640817070054,0.17404505830741915,0.16732587554469103,0.1475893061004777,0.12051985860655362,0.2297761017798231
-4.3145019162536125,-2.825778357870829,-2.3078934209473783,0,0.0950864948195651,0.05676206570025766,0.039334968292436066,0.0307463795375873,0.02759846622550164,0.02254242439720559,0.019786979703585925,0.018785898068520712,0.016465535255264285,0.014535336659583998,0.014299666012462192,0.013266657105977409,0.009902876565883836,0.014428193730213376,0.00356903177735101,-0.016190989039747916,0.10753390653467279
-3.2596480608951004,-1.915547736853741,-1.2014899578834717,-0.0950864948195651,0,0.018437636580950212,0.011459205028871544,0.009299674443594697,0.010726459076985773,0.008033610312733686,0.007237060517589396,0.007885812818371514,0.006637915309726683,0.005585207975141652,0.0062209831317519,0.0058284900411058,0.002804241711410397,0.008223709031032474,-0.0029679298685214256,-0.023609487963702117,0.10831186976686702
-2.6114059760322705,-1.4412702117855434,-0.8071391841159645,-0.05676206570025766,-0.018437636580950212,0,0.004480773476792876,0.004730693374916939,0.008156066575664292,0.005432603745679554,0.004996945304917233,0.006127175524608397,0.004952240842409036,0.003978654399415582,0.004863577192952088,0.004567575387121358,0.0013830239959976868,0.007372548401872662,-0.004614511903096167,-0.026612854002605855,0.11430348531259481
-2.176918442273024,-1.1539123241237932,-0.6064745814561716,-0.039334968292436066,-0.011459205028871544,-0.004480773476792876,0,0.004980613273041001,0.009993713125100001,0.005749880501975113,0.005125988261948322,0.006456455934171501,0.005030818736678396,0.003906923102647397,0.0049114276574719895,0.004577220043824524,0.0010732490479181678,0.00763543703142537,-0.005372452351420254,-0.029004671501021144,0.1221479647294378
-1.8666416095587408,-0.9624237056486679,-0.4861757878195455,-0.0307463795375873,-0.009299674443594697,-0.004730693374916939,-0.004980613273041001,0,0.015006812977159,0.006134514116442169,0.005174446591584096,0.006825416599454126,0.005040859829405875,0.00372797474091513,0.004901543998104988,0.004526795890172464,0.000639097467348964,0.007900919407263807,-0.006313640135462186,-0.03183677856552632,0.1311608379183914
-1.635187259986043,-0.8270784352670237,-0.4076476253458144,-0.02759846622550164,-0.010726459076985773,-0.008156066575664292,-0.009993713125100001,-0.015006812977159,0,-0.002737784744274663,0.0002582633987966432,0.004098284473552501,0.0025493715424675933,0.0014722070936663556,0.0032173325015959855,0.0030296505920315298,-0.0011568669713772906,0.0071113756772754515,-0.008445685446724305,-0.036095286887588625,0.14084033999682743
-1.453195588349341,-0.7233514077656115,-0.3490211381900874,-0.02254242439720559,-0.008033610312733686,-0.005432603745679554,-0.005749880501975113,-0.006134514116442169,0.002737784744274663,0,0.003254311541867949,0.007516319082466083,0.004311756971381679,0.00252470505315161,0.0044083559507701155,0.003990889814749228,-0.0009310215752490945,0.008342520729969216,-0.009079896635885376,-0.039431037101920016,0.15389289679147308
-1.3082014606685939,-0.6433406192963066,-0.30580028485905997,-0.019786979703585925,-0.007237060517589396,-0.004996945304917233,-0.005125988261948322,-0.005174446591584096,-0.0002582633987966432,-0.003254311541867949,0,0.011778326623064217,0.0048404796861385435,0.002281502890246164,0.004696867052995657,0.0041382054693254846,-0.0016285770947686018,0.009069407756840826,-0.010621672658104542,-0.04417385361789646,0.1689567553164336
-1.1903448121190001,-0.5801843900289824,-0.2731311783883938,-0.018785898068520712,-0.007885812818371514,-0.006127175524608397,-0.006456455934171501,-0.006825416599454126,-0.004098284473552501,-0.007516319082466083,-0.011778326623064217,0,-0.00209736725078713,-0.0024669089761628626,0.00233638052963947,0.0022281751808908012,-0.004309957838335166,0.008617921279136928,-0.013821672555414364,-0.051167876148016544,0.18642102517125242
-1.0909746305048513,-0.5272496848217306,-0.24560832382447567,-0.016465535255264285,-0.006637915309726683,-0.004952240842409036,-0.005030818736678396,-0.005040859829405875,-0.0025493715424675933,-0.004311756971381679,-0.0048404796861385435,0.00209736725078713,0,-0.0028364507015385954,0.00455325441985277,0.0036700226581167783,-0.0048631054852221745,0.010760978985121739,-0.015775723439518902,-0.058177948847620745,0.20998582422400736
-1.006835316565898,-0.4830758401947915,-0.22302243523120166,-0.014535336659583998,-0.005585207975141652,-0.003978654399415582,-0.003906923102647397,-0.00372797474091513,-0.0014722070936663556,-0.00252470505315161,-0.002281502890246164,0.0024669089761628626,0.0028364507015385954,0,0.011942959541244136,0.006923259337944465,-0.005538657079783367,0.014160336406786822,-0.018363577987114965,-0.06740153187196778,0.2403890063562282
-0.9357715767784229,-0.4468348493752879,-0.2054324789237052,-0.014299666012462192,-0.0062209831317519,-0.004863577192952088,-0.0049114276574719895,-0.004901543998104988,-0.0032173325015959855,-0.0044083559507701155,-0.004696867052995657,-0.00233638052963947,-0.00455325441985277,-0.011942959541244136,0,0.0019035591346447944,-0.01427946539029712,0.014899462028634384,-0.02594021236920474,-0.08327043015461015,0.27846334749205887
-0.8735137089355044,-0.41505404292952763,-0.18977640817070054,-0.013266657105977409,-0.0058284900411058,-0.004567575387121358,-0.004577220043824524,-0.004526795890172464,-0.0030296505920315298,-0.003990889814749228,-0.0041382054693254846,-0.0022281751808908012,-0.0036700226581167783,-0.006923259337944465,-0.0019035591346447944,0,-0.030462489915239033,0.02139741347562918,-0.03522146953715458,-0.10456392747692389,0.3337753051635417
-0.8170151965073329,-0.3853529407398765,-0.17404505830741915,-0.009902876565883836,-0.002804241711410397,-0.0013830239959976868,-0.0010732490479181678,-0.000639097467348964,0.0011568669713772906,0.0009310215752490945,0.0016285770947686018,0.004309957838335166,0.0048631054852221745,0.005538657079783367,0.01427946539029712,0.030462489915239033,0,0.07325731686649739,-0.03760095934811236,-0.12926440666415218,0.4248347539332369
-0.7732647329990484,-0.36584696424779034,-0.16732587554469103,-0.014428193730213376,-0.008223709031032474,-0.007372548401872662,-0.00763543703142537,-0.007900919407263807,-0.0071113756772754515,-0.008342520729969216,-0.009069407756840826,-0.008617921279136928,-0.010760978985121739,-0.014160336406786822,-0.014899462028634384,-0.02139741347562918,-0.07325731686649739,0,-0.1484592355627221,-0.23052526842947696,0.5420272329554834
-0.7220578458567278,-0.3355936583765837,-0.1475893061004777,-0.00356903177735101,0.0029679298685214256,0.004614511903096167,0.005372452351420254,0.006313640135462186,0.008445685446724305,0.009079896635885376,0.010621672658104542,0.013821672555414364,0.015775723439518902,0.018363577987114965,0.02594021236920474,0.03522146953715458,0.03760095934811236,0.1484592355627221,0,-0.3125913012962318,0.8872704672145861
-0.6676026275855195,-0.2995833828392051,-0.12051985860655362,0.016190989039747916,0.023609487963702117,0.026612854002605855,0.029004671501021144,0.03183677856552632,0.036095286887588625,0.039431037101920016,0.04417385361789646,0.051167876148016544,0.058177948847620745,0.06740153187196778,0.08327043015461015,0.10456392747692389,0.12926440666415218,0.23052526842947696,0.3125913012962318,0,2.087132235725404
-0.7385791079925137,-0.3936649014121629,-0.2297761017798231,-0.10753390653467279,-0.10831186976686702,-0.11430348531259481,-0.1221479647294378,-0.1311608379183914,-0.14084033999682743,-0.15389289679147308,-0.1689567553164336,-0.18642102517125242,-0.20998582422400736,-0.2403890063562282,-0.27846334749205887,-0.3337753051635417,-0.4248347539332369,-0.5420272329554834,-0.8872704672145861,-2.087132235725404,0
