0,7.290359294611836,5.29464891850534,4.311442835350692,3.259766246366862,2.612902399418687,2.1777201956366157,1.8662841476730123,1.633875992262519,1.4533959259467604,1.308108895299451,1.1902172550542909,1.0912251655612362,1.0072075620733751,0.935964793923391,0.8728595218250769,0.8181118766391845,0.768423311147883,0.734888732975735,0.7060643735492718,0.6551480415064744
-7.290359294611836,0,3.2989385423988438,2.82198460572012,1.916235230285204,1.4435381756203998,1.1551923758415714,0.9622716231832085,0.8258069490697595,0.7237755048636259,0.6434144064869639,0.5802030510985364,0.527667517465727,0.48361158436183665,0.4471652169473568,0.4144666809117369,0.38662871544100774,0.3608023121813859,0.3492728175853761,0.3402702112680182,0.30592639660619225
-5.29464891850534,-3.2989385423988438,0,2.345030669041396,1.2248835742283841,0.8250713866942517,0.6192558342022534,0.4949382393400814,0.4136183501815787,0.3558950709300233,0.31147388949797894,0.27812132984294674,0.25054041497241536,0.227672769994836,0.20951743982639956,0.19258423002811328,0.17860658494401946,0.16492656350022206,0.16491870978453438,0.16623089767208726,0.13964794406215603
-4.311442835350692,-2.82198460572012,-2.345030669041396,0,0.10473647941537223,0.06509174552067964,0.04399755592253918,0.03241513191475276,0.027335886409615283,0.024372471244794507,0.020965778134633645,0.01975766244314059,0.017819275631417497,0.015936980090179985,0.015379873534127146,0.013213693443673069,0.011958578474990489,0.009204841675852496,0.019577912500743602,0.030055911961505477,0.009919548475141916
-3.259766246366862,-1.916235230285204,-1.2248835742283841,-0.10473647941537223,0,0.02544701162598706,0.013628094176122652,0.008308016081212935,0.007985738158176048,0.008299669610678961,0.00700399458784388,0.007617831447107497,0.0069546251584231555,0.006070369054047515,0.006444212946002637,0.0048934401735186,0.004227086729958677,0.0018562541574279013,0.013495157721127273,0.025077207464581027,0.003993490291377522
-2.612902399418687,-1.4435381756203998,-0.8250713866942517,-0.06509174552067964,-0.02544701162598706,0,0.0018091767262582437,-0.0002614816911741258,0.0021653136689057106,0.004012834106851937,0.0033153911802152438,0.004646301417294237,0.004312855663056884,0.0036482887325550717,0.0043327908704488115,0.002838083028271754,0.0022980026485015514,-0.00010964229828536176,0.012575784343830367,0.025050792881623454,0.002563255535736886
-2.1777201956366157,-1.1551923758415714,-0.6192558342022534,-0.04399755592253918,-0.013628094176122652,-0.0018091767262582437,0,-0.0023321401086064952,0.002343382140229444,0.004747386567049834,0.0036919447937044936,0.005213726355501436,0.004730135485856657,0.003911019019168904,0.004648242638472633,0.0029524059507176994,0.0023468852407258823,-0.0002840803914256895,0.01347300164529471,0.02683860950895924,0.002617118307842503
-1.8662841476730123,-0.9622716231832085,-0.4949382393400814,-0.03241513191475276,-0.008308016081212935,0.0002614816911741258,0.0023321401086064952,0,0.0070189043890653835,0.008287149904878,0.0056999730944748235,0.0071001929715284184,0.006142590604749287,0.004951545540464804,0.005645440173769651,0.003612974208133224,0.0028667769462072576,-7.927441970760896e-05,0.014909832713831183,0.02926950531042305,0.002997830493723195
-1.633875992262519,-0.8258069490697595,-0.4136183501815787,-0.027335886409615283,-0.007985738158176048,-0.0021653136689057106,-0.002343382140229444,-0.0070189043890653835,0,0.009555395420690616,0.005040507447179543,0.007127289165682764,0.005923512158670263,0.004538073770744689,0.005416529471220362,0.003126412753714344,0.0023477610158499918,-0.0008679609540157193,0.015698925546307762,0.031292287212364656,0.0026627410024446796
-1.4533959259467604,-0.7237755048636259,-0.3558950709300233,-0.024372471244794507,-0.008299669610678961,-0.004012834106851937,-0.004747386567049834,-0.008287149904878,-0.009555395420690616,0,0.0005256194736684705,0.005913236038178837,0.0047128844046634795,0.0032837433582582065,0.0045887562813263115,0.002054915642551632,0.001318098958015617,-0.002170880500854011,0.016381540004709667,0.03346597639153206,0.0020361360553314127
-1.308108895299451,-0.6434144064869639,-0.31147388949797894,-0.020965778134633645,-0.00700399458784388,-0.0033153911802152438,-0.0036919447937044936,-0.0056999730944748235,-0.005040507447179543,-0.0005256194736684705,0,0.011300852602689204,0.0068065168701609835,0.004203117986454785,0.005604540483240772,0.0023607748763282642,0.0014501788720734747,-0.0025560947829286512,0.018363530071089817,0.03712601604907246,0.002187187713497707
-1.1902172550542909,-0.5802030510985364,-0.27812132984294674,-0.01975766244314059,-0.007617831447107497,-0.004646301417294237,-0.005213726355501436,-0.0071001929715284184,-0.007127289165682764,-0.005913236038178837,-0.011300852602689204,0,0.002312181137632763,0.0006542506783375757,0.003705769776757961,0.00012575544473802935,-0.0005199558740496713,-0.00486558601386496,0.019372483995147047,0.040354161479870365,0.0011745582813653182
-1.0912251655612362,-0.527667517465727,-0.25054041497241536,-0.017819275631417497,-0.0069546251584231555,-0.004312855663056884,-0.004730135485856657,-0.006142590604749287,-0.005923512158670263,-0.0047128844046634795,-0.0068065168701609835,-0.002312181137632763,0,-0.0010036797809576115,0.00440256409632056,-0.0006030531195602151,-0.0012279901269702798,-0.006301139444164505,0.022215867804732763,0.04578873010019002,0.0010323554243318878
-1.0072075620733751,-0.48361158436183665,-0.227672769994836,-0.015936980090179985,-0.006070369054047515,-0.0036482887325550717,-0.003911019019168904,-0.004951545540464804,-0.004538073770744689,-0.0032837433582582065,-0.004203117986454785,-0.0006542506783375757,0.0010036797809576115,0,0.009808807973598732,-0.00040273978886151696,-0.001302760242307836,-0.007625504359966229,0.026859777321870837,0.05358746508038129,0.001323217596516102
-0.935964793923391,-0.4471652169473568,-0.20951743982639956,-0.015379873534127146,-0.006444212946002637,-0.0043327908704488115,-0.004648242638472633,-0.005645440173769651,-0.005416529471220362,-0.0045887562813263115,-0.005604540483240772,-0.003705769776757961,-0.00440256409632056,-0.009808807973598732,0,-0.010614287551321766,-0.00685854435026112,-0.013436941804487882,0.031122519658938863,0.06234319650173781,-9.10474663310031e-05
-0.8728595218250769,-0.4144666809117369,-0.19258423002811328,-0.013213693443673069,-0.0048934401735186,-0.002838083028271754,-0.0029524059507176994,-0.003612974208133224,-0.003126412753714344,-0.002054915642551632,-0.0023607748763282642,-0.00012575544473802935,0.0006030531195602151,0.00040273978886151696,0.010614287551321766,0,-0.0031028011492004737,-0.01484826893107094,0.04503478872902574,0.0805825675150027,0.0020136005506671494
-0.8181118766391845,-0.38662871544100774,-0.17860658494401946,-0.011958578474990489,-0.004227086729958677,-0.0022980026485015514,-0.0023468852407258823,-0.0028667769462072576,-0.0023477610158499918,-0.001318098958015617,-0.0014501788720734747,0.0005199558740496713,0.0012279901269702798,0.001302760242307836,0.00685854435026112,0.0031028011492004737,0,-0.026593736712941407,0.06910358366813885,0.10847769040307043,0.0032927009756340553
-0.768423311147883,-0.3608023121813859,-0.16492656350022206,-0.009204841675852496,-0.0018562541574279013,0.00010964229828536176,0.0002840803914256895,7.927441970760896e-05,0.0008679609540157193,0.002170880500854011,0.0025560947829286512,0.00486558601386496,0.006301139444164505,0.007625504359966229,0.013436941804487882,0.01484826893107094,0.026593736712941407,0,0.1648009040492191,0.17601340396107634,0.013254846871825876
-0.734888732975735,-0.3492728175853761,-0.16491870978453438,-0.019577912500743602,-0.013495157721127273,-0.012575784343830367,-0.01347300164529471,-0.014909832713831183,-0.015698925546307762,-0.016381540004709667,-0.018363530071089817,-0.019372483995147047,-0.022215867804732763,-0.026859777321870837,-0.031122519658938863,-0.04503478872902574,-0.06910358366813885,-0.1648009040492191,0,0.18722590387293359,-0.06251818171687074
-0.7060643735492718,-0.3402702112680182,-0.16623089767208726,-0.030055911961505477,-0.025077207464581027,-0.025050792881623454,-0.02683860950895924,-0.02926950531042305,-0.031292287212364656,-0.03346597639153206,-0.03712601604907246,-0.040354161479870365,-0.04578873010019002,-0.05358746508038129,-0.06234319650173781,-0.0805825675150027,-0.10847769040307043,-0.17601340396107634,-0.18722590387293359,0,-0.31226226730667506
-0.6551480415064744,-0.30592639660619225,-0.13964794406215603,-0.009919548475141916,-0.003993490291377522,-0.002563255535736886,-0.002617118307842503,-0.002997830493723195,-0.0026627410024446796,-0.0020361360553314127,-0.002187187713497707,-0.0011745582813653182,-0.0010323554243318878,-0.001323217596516102,9.10474663310031e-05,-0.0020136005506671494,-0.0032927009756340553,-0.013254846871825876,0.06251818171687074,0.31226226730667506,0
