0,7.271715522674774,5.2825660305743805,4.305996858897021,3.2586512451424765,2.6131498367500163,2.177220905197905,1.8673385737467918,1.6345109580133252,1.4533370905003231,1.3084092850403573,1.1895873516377342,1.0913034228091063,1.0071509042498965,0.9350802617285179,0.8738285725100415,0.8182961374785443,0.7701005406862328,0.7234600737984527,0.6938257325763014,0.7086881944879573
-7.271715522674774,0,3.293416538473987,2.823137527008145,1.9209631526317106,1.448508415268827,1.1583219817025312,0.9666090822587946,0.8291960202045469,0.7260397864785167,0.6458197030809775,0.5813745345340302,0.5294477773667728,0.48510385271448997,0.4476467801172674,0.416836647498275,0.3880681784654624,0.36374960431194897,0.3382685768057279,0.32838741090416407,0.3632657035307564
-5.2825660305743805,-3.293416538473987,0,2.3528585155423034,1.2347364597105726,0.8335390408671071,0.6245483425096672,0.5012475910157562,0.4184926004929735,0.35927167905059243,0.31487009865685134,0.28003653409625723,0.25305090125605145,0.2298026994636266,0.2104993002542074,0.19556127126937406,0.18054329560771062,0.16843847536781312,0.15357182920146173,0.15397393281182156,0.20047954603391027
-4.305996858897021,-2.823137527008145,-2.3528585155423034,0,0.1166144038788417,0.07387930352950889,0.048444951498788434,0.0383448598841194,0.03161941748310752,0.02700720630197395,0.023728896244643898,0.020933786415501476,0.019738944113134593,0.017497117855758935,0.015739371591653232,0.015786500913296624,0.013442124843511176,0.012408472498206662,0.00695271677873895,0.016543646391166456,0.07386901841576948
-3.2586512451424765,-1.9209631526317106,-1.2347364597105726,-0.1166144038788417,0,0.031144203180176078,0.014360225308761798,0.01225501188587863,0.010370670884173983,0.009085766786600401,0.008247978305610934,0.007265126777881444,0.007629511642421205,0.0064840860754164075,0.0056518683629343865,0.006620327916428889,0.004844434923900298,0.004392631622773198,-0.0008802608712683886,0.009872262558654773,0.07119743182432747
-2.6131498367500163,-1.448508415268827,-0.8335390408671071,-0.07387930352950889,-0.031144203180176078,0,-0.0024237525626524814,0.002810416238729907,0.0034461601188399507,0.0035711576882064833,0.0036687333306979044,0.003285280710832339,0.004270269994170509,0.003401571437321449,0.002819386716574199,0.00416794039005417,0.0024535469006025,0.0021633339929896245,-0.0033436811829179627,0.008352838228546109,0.0738676470672709
-2.177220905197905,-1.1583219817025312,-0.6245483425096672,-0.048444951498788434,-0.014360225308761798,0.0024237525626524814,0,0.008044585040112295,0.006381116459586167,0.005569461105159472,0.005191854804035501,0.004427087365529303,0.005385940420307674,0.004233760580174868,0.003474779126477534,0.0049003507181326865,0.0029412768469279983,0.0025803418616843613,-0.0034203419012734195,0.009181806750945999,0.07931703275512257
-1.8673385737467918,-0.9666090822587946,-0.5012475910157562,-0.0383448598841194,-0.01225501188587863,-0.002810416238729907,-0.008044585040112295,0,0.0047176478790600385,0.0043318991376830596,0.004240944725343236,0.003522712946883555,0.00485421149634675,0.0035986231701852964,0.0028219497102439967,0.004507321427885236,0.002374242603240854,0.002033917543841568,-0.004462607986853939,0.009276575226848808,0.08479952873320028
-1.6345109580133252,-0.8291960202045469,-0.4184926004929735,-0.03161941748310752,-0.010370670884173983,-0.0034461601188399507,-0.006381116459586167,-0.0047176478790600385,0,0.003946150396306081,0.004002593148484834,0.0031244013028247273,0.004888352400668428,0.003374818228410348,0.002506000015441323,0.004477274792003121,0.002081316943763456,0.001735725284372849,-0.005380633573445337,0.009691023167556878,0.09147301880437864
-1.4533370905003231,-0.7260397864785167,-0.35927167905059243,-0.02700720630197395,-0.009085766786600401,-0.0035711576882064833,-0.005569461105159472,-0.0043318991376830596,-0.003946150396306081,0,0.004059035900663588,0.0027135267560840504,0.0052024197354558765,0.0032319851864364146,0.0022179699392683716,0.004565795524619294,0.0018149121648287953,0.001459422145381195,-0.006416942903417717,0.010265510444681958,0.09943000684147614
-1.3084092850403573,-0.6458197030809775,-0.31487009865685134,-0.023728896244643898,-0.008247978305610934,-0.0036687333306979044,-0.005191854804035501,-0.004240944725343236,-0.004002593148484834,-0.004059035900663588,0,0.0013680176115045128,0.005774111652852021,0.002956301615027357,0.0017577034489195675,0.004667147449410436,0.0014408915421896633,0.0010880487517694246,-0.00772644025392788,0.010955118727350666,0.10896710393555739
-1.1895873516377342,-0.5813745345340302,-0.28003653409625723,-0.020933786415501476,-0.007265126777881444,-0.003285280710832339,-0.004427087365529303,-0.003522712946883555,-0.0031244013028247273,-0.0027135267560840504,-0.0013680176115045128,0,0.010180205694199529,0.003750443616788779,0.0018875987280579192,0.005491929908886917,0.0014554663283266934,0.00104138727514691,-0.009025648520418221,0.012153506366831435,0.12092255797156327
-1.0913034228091063,-0.5294477773667728,-0.25305090125605145,-0.019738944113134593,-0.007629511642421205,-0.004270269994170509,-0.005385940420307674,-0.00485421149634675,-0.004888352400668428,-0.0052024197354558765,-0.005774111652852021,-0.010180205694199529,0,-0.002679318460621971,-0.002258704755012886,0.003929171313782713,-0.0007257185131415156,-0.0007863764086636138,-0.012226624222854513,0.012435406462921707,0.13476535200623374
-1.0071509042498965,-0.48510385271448997,-0.2298026994636266,-0.017497117855758935,-0.0064840860754164075,-0.003401571437321449,-0.004233760580174868,-0.0035986231701852964,-0.003374818228410348,-0.0032319851864364146,-0.002956301615027357,-0.003750443616788779,0.002679318460621971,0,-0.0018380910494038005,0.0072334162009850544,-7.451853064803042e-05,-0.0003131408956740245,-0.014136085375301023,0.01495452728351232,0.15440030493007026
-0.9350802617285179,-0.4476467801172674,-0.2104993002542074,-0.015739371591653232,-0.0056518683629343865,-0.002819386716574199,-0.003474779126477534,-0.0028219497102439967,-0.002506000015441323,-0.0022179699392683716,-0.0017577034489195675,-0.0018875987280579192,0.002258704755012886,0.0018380910494038005,0,0.01630492345137391,0.0008072677287298546,0.00019517582223590088,-0.017210583956775327,0.018313050950095545,0.18044003759331595
-0.8738285725100415,-0.416836647498275,-0.19556127126937406,-0.015786500913296624,-0.006620327916428889,-0.00416794039005417,-0.0049003507181326865,-0.004507321427885236,-0.004477274792003121,-0.004565795524619294,-0.004667147449410436,-0.005491929908886917,-0.003929171313782713,-0.0072334162009850544,-0.01630492345137391,0,-0.0146903879939142,-0.007859697992333103,-0.02838241975949174,0.018815082824775953,0.21326706042170435
-0.8182961374785443,-0.3880681784654624,-0.18054329560771062,-0.013442124843511176,-0.004844434923900298,-0.0024535469006025,-0.0029412768469279983,-0.002374242603240854,-0.002081316943763456,-0.0018149121648287953,-0.0014408915421896633,-0.0014554663283266934,0.0007257185131415156,7.451853064803042e-05,-0.0008072677287298546,0.0146903879939142,0,-0.0010290079907520067,-0.03522843564228051,0.02998357309767267,0.270256422525609
-0.7701005406862328,-0.36374960431194897,-0.16843847536781312,-0.012408472498206662,-0.004392631622773198,-0.0021633339929896245,-0.0025803418616843613,-0.002033917543841568,-0.001735725284372849,-0.001459422145381195,-0.0010880487517694246,-0.00104138727514691,0.0007863764086636138,0.0003131408956740245,-0.00019517582223590088,0.007859697992333103,0.0010290079907520067,0,-0.06942786329380901,0.04548986364188501,0.360684899364396
-0.7234600737984527,-0.3382685768057279,-0.15357182920146173,-0.00695271677873895,0.0008802608712683886,0.0033436811829179627,0.0034203419012734195,0.004462607986853939,0.005380633573445337,0.006416942903417717,0.00772644025392788,0.009025648520418221,0.012226624222854513,0.014136085375301023,0.017210583956775327,0.02838241975949174,0.03522843564228051,0.06942786329380901,0,0.16040759057757903,0.5757412806934985
-0.6938257325763014,-0.32838741090416407,-0.15397393281182156,-0.016543646391166456,-0.009872262558654773,-0.008352838228546109,-0.009181806750945999,-0.009276575226848808,-0.009691023167556878,-0.010265510444681958,-0.010955118727350666,-0.012153506366831435,-0.012435406462921707,-0.01495452728351232,-0.018313050950095545,-0.018815082824775953,-0.02998357309767267,-0.04548986364188501,-0.16040759057757903,0,0.991074970809418
-0.7086881944879573,-0.3632657035307564,-0.20047954603391027,-0.07386901841576948,-0.07119743182432747,-0.0738676470672709,-0.07931703275512257,-0.08479952873320028,-0.09147301880437864,-0.09943000684147614,-0.10896710393555739,-0.12092255797156327,-0.13476535200623374,-0.15440030493007026,-0.18044003759331595,-0.21326706042170435,-0.270256422525609,-0.360684899364396,-0.5757412806934985,-0.991074970809418,0
