0,7.232548594870409,5.286567397860994,4.306728456886639,3.259715254828514,2.611319139426354,2.1759174955709413,1.8668112783483317,1.6340808523884238,1.4526815343627622,1.3083788900625772,1.1896772400838322,1.0914119701033567,1.0076670762060758,0.9362126934857345,0.8729624371518798,0.817775354969221,0.775138846691946,0.7346170303357188,0.6968699519089877,0.7171720824816602
-7.232548594870409,0,3.340586200851578,2.8438183878947547,1.935437474814549,1.4560117755653403,1.164591275711048,0.9725217255946522,0.8342997463195687,0.7301981517993062,0.6501378117505958,0.5853901046051745,0.533126822397261,0.48892694965071465,0.4518791626099903,0.41870628302912766,0.3901238056424752,0.371550737430792,0.3523857618336782,0.3337766939666865,0.37425752919804184
-5.286567397860994,-3.340586200851578,0,2.3470505749379313,1.2328631117960347,0.8278203004699277,0.6205925444259153,0.498908830543267,0.4165853372309005,0.35728557336326744,0.313831763112973,0.2792572050222408,0.2523808845518293,0.22968519954154523,0.21115357608985796,0.19394628935047764,0.1793764916989678,0.17361503986940624,0.16562323439505944,0.1569055465028694,0.2094614918839565
-4.306728456886639,-2.8438183878947547,-2.3470505749379313,0,0.11867564865413804,0.06820516323592596,0.04510653425524325,0.036873394444600915,0.030492289689494356,0.025658073100823426,0.02337193285226467,0.02078303378277946,0.019639807842262356,0.01794866200190661,0.01698112164912402,0.014520932218189841,0.012632331449816766,0.018369644507368728,0.020194745025534644,0.02002148222567801,0.08372095758666387
-3.259715254828514,-1.935437474814549,-1.2328631117960347,-0.11867564865413804,0,0.017734677817713873,0.008321977055795848,0.009605976374755206,0.008446449948333434,0.007054557990160503,0.00748798021861911,0.006798374515442518,0.007260327740777894,0.00675677459610312,0.006811668948622618,0.005052321633103641,0.0037953883494566596,0.01065379803454032,0.013160394766348687,0.01344453779711401,0.08153628939494673
-2.611319139426354,-1.4560117755653403,-0.8278203004699277,-0.06820516323592596,-0.017734677817713873,0,-0.0010907237061221764,0.005541625653275872,0.005350373991873288,0.0043845280332721615,0.005438640698800156,0.004975657298397292,0.005763992015501326,0.005384536693401776,0.005598001296501367,0.003784086014642618,0.002528180215978731,0.010063724719275857,0.012808526839320596,0.01313809922421402,0.08578973016676225
-2.1759174955709413,-1.164591275711048,-0.6205925444259153,-0.04510653425524325,-0.008321977055795848,0.0010907237061221764,0,0.012173975012673921,0.00857092284087102,0.006209611946403608,0.00707098180003074,0.006188933499301186,0.006906444635771909,0.006309573893333769,0.00643409192182931,0.00432573153917204,0.0028900706081888216,0.011077765485221132,0.013966797718107493,0.01423262406500911,0.09199547687196828
-1.8668112783483317,-0.9725217255946522,-0.498908830543267,-0.036873394444600915,-0.009605976374755206,-0.005541625653275872,-0.012173975012673921,0,0.00496787066906812,0.0032274304132684506,0.005369984062483013,0.004692673120958002,0.005852938560391508,0.005332173706777077,0.005614108623137223,0.0033447011049843045,0.0018585256743571439,0.010968144532475854,0.014129781600419637,0.01440417815270371,0.09813559239960631
-1.6340808523884238,-0.8342997463195687,-0.4165853372309005,-0.030492289689494356,-0.008446449948333434,-0.005350373991873288,-0.00857092284087102,-0.00496787066906812,0,0.0014869901574687816,0.00557104075919046,0.004600940604921296,0.006074205533222354,0.005405034314318868,0.005721814948815407,0.003112819738686617,0.001469857550018272,0.011634841628410046,0.015045972693554788,0.015262024287579673,0.10589956921048449
-1.4526815343627622,-0.7301981517993062,-0.35728557336326744,-0.025658073100823426,-0.007054557990160503,-0.0043845280332721615,-0.006209611946403608,-0.0032274304132684506,-0.0014869901574687816,0,0.009655091360912138,0.006157915828647553,0.007603277325140212,0.00638454535353139,0.006568779907084732,0.0033837913355562557,0.0014674100346681992,0.012903323062277705,0.016552526308675455,0.01663952770059076,0.11539162185166774
-1.3083788900625772,-0.6501378117505958,-0.313831763112973,-0.02337193285226467,-0.00748798021861911,-0.005438640698800156,-0.00707098180003074,-0.005369984062483013,-0.00557104075919046,-0.009655091360912138,0,0.0026607402963829685,0.006577370307254249,0.005294363351071141,0.00579720204362788,0.0021295313304850795,0.0001027964802942094,0.013367356162472786,0.01741470567714587,0.017415576182777275,0.1259652749007433
-1.1896772400838322,-0.5853901046051745,-0.2792572050222408,-0.02078303378277946,-0.006798374515442518,-0.004975657298397292,-0.006188933499301186,-0.004692673120958002,-0.004600940604921296,-0.006157915828647553,-0.0026607402963829685,0,0.01049400031812553,0.006611174878415227,0.006842689292709518,0.001996729089010607,-0.0004087922829235424,0.015151792140154422,0.019522415017254855,0.019259930668576564,0.1396657787456722
-1.0914119701033567,-0.533126822397261,-0.2523808845518293,-0.019639807842262356,-0.007260327740777894,-0.005763992015501326,-0.006906444635771909,-0.005852938560391508,-0.006074205533222354,-0.007603277325140212,-0.006577370307254249,-0.01049400031812553,0,0.0027283494387049245,0.005017033780001512,-0.0008356946540277003,-0.0031344904331858103,0.016083350504560202,0.021027150800443078,0.02051220643292671,0.15581225104911556
-1.0076670762060758,-0.48892694965071465,-0.22968519954154523,-0.01794866200190661,-0.00675677459610312,-0.005384536693401776,-0.006309573893333769,-0.005332173706777077,-0.005405034314318868,-0.00638454535353139,-0.005294363351071141,-0.006611174878415227,-0.0027283494387049245,0,0.007305718121298099,-0.0026177167003940127,-0.005088770390482722,0.01942210077102402,0.024686911072790706,0.02347618259863034,0.17768137985060278
-0.9362126934857345,-0.4518791626099903,-0.21115357608985796,-0.01698112164912402,-0.006811668948622618,-0.005598001296501367,-0.00643409192182931,-0.005614108623137223,-0.005721814948815407,-0.006568779907084732,-0.00579720204362788,-0.006842689292709518,-0.005017033780001512,-0.007305718121298099,0,-0.012541151522086125,-0.011286014646373133,0.023460894987599328,0.02903220931066386,0.02671027549409679,0.20607732347215357
-0.8729624371518798,-0.41870628302912766,-0.19394628935047764,-0.014520932218189841,-0.005052321633103641,-0.003784086014642618,-0.00432573153917204,-0.0033447011049843045,-0.003112819738686617,-0.0033837913355562557,-0.0021295313304850795,-0.001996729089010607,0.0008356946540277003,0.0026177167003940127,0.012541151522086125,0,-0.01003087777066014,0.04146191824244205,0.042889996254913854,0.03652313224814252,0.2498010184710015
-0.817775354969221,-0.3901238056424752,-0.1793764916989678,-0.012632331449816766,-0.0037953883494566596,-0.002528180215978731,-0.0028900706081888216,-0.0018585256743571439,-0.001469857550018272,-0.0014674100346681992,-0.0001027964802942094,0.0004087922829235424,0.0031344904331858103,0.005088770390482722,0.011286014646373133,0.01003087777066014,0,0.09295471425554425,0.06935043326770085,0.052041135587743405,0.3147589925314169
-0.775138846691946,-0.371550737430792,-0.17361503986940624,-0.018369644507368728,-0.01065379803454032,-0.010063724719275857,-0.011077765485221132,-0.010968144532475854,-0.011634841628410046,-0.012903323062277705,-0.013367356162472786,-0.015151792140154422,-0.016083350504560202,-0.01942210077102402,-0.023460894987599328,-0.04146191824244205,-0.09295471425554425,0,0.045746152279857455,0.03158434625384299,0.3886937519567078
-0.7346170303357188,-0.3523857618336782,-0.16562323439505944,-0.020194745025534644,-0.013160394766348687,-0.012808526839320596,-0.013966797718107493,-0.014129781600419637,-0.015045972693554788,-0.016552526308675455,-0.01741470567714587,-0.019522415017254855,-0.021027150800443078,-0.024686911072790706,-0.02903220931066386,-0.042889996254913854,-0.06935043326770085,-0.045746152279857455,0,0.01742254022782852,0.560167551795133
-0.6968699519089877,-0.3337766939666865,-0.1569055465028694,-0.02002148222567801,-0.01344453779711401,-0.01313809922421402,-0.01423262406500911,-0.01440417815270371,-0.015262024287579673,-0.01663952770059076,-0.017415576182777275,-0.019259930668576564,-0.02051220643292671,-0.02347618259863034,-0.02671027549409679,-0.03652313224814252,-0.052041135587743405,-0.03158434625384299,-0.01742254022782852,0,1.1029125633624375
-0.7171720824816602,-0.37425752919804184,-0.2094614918839565,-0.08372095758666387,-0.08153628939494673,-0.08578973016676225,-0.09199547687196828,-0.09813559239960631,-0.10589956921048449,-0.11539162185166774,-0.1259652749007433,-0.1396657787456722,-0.15581225104911556,-0.17768137985060278,-0.20607732347215357,-0.2498010184710015,-0.3147589925314169,-0.3886937519567078,-0.560167551795133,-1.1029125633624375,0
