0,0.7119902324918606,0.7100604063595508,0.7078407954963896,0.7048449476274032,0.7009783088471102,0.6949654641209332
-0.7119902324918606,0,0.7081305802272411,0.705766076998654,0.7024631860059175,0.6982253279359226,0.6915605104467477
-0.7100604063595508,-0.7081305802272411,0,0.703401573770067,0.6996294888952557,0.6949235771721498,0.6874179930016244
-0.7078407954963896,-0.705766076998654,-0.703401573770067,0,0.6958574040204444,0.6906845788731912,0.6820901327454769
-0.7048449476274032,-0.7024631860059175,-0.6996294888952557,-0.6958574040204444,0,0.6855117537259381,0.6752064971079932
-0.7009783088471102,-0.6982253279359226,-0.6949235771721498,-0.6906845788731912,-0.6855117537259381,0,0.6649012404900483
-0.6949654641209332,-0.6915605104467477,-0.6874179930016244,-0.6820901327454769,-0.6752064971079932,-0.6649012404900483,0
