0,0.7142308261297858,0.71350333654997,0.7125911340212213,0.7113494228435345,0.7098713619867049,0.7112851632398528
-0.7142308261297858,0,0.7127758469701542,0.711771287966939,0.7103889550814507,0.7087814959509346,0.7106960306618662
-0.71350333654997,-0.7127758469701542,0,0.7107667289637238,0.7091955091370991,0.7074500456111948,0.7101760765847942
-0.7125911340212213,-0.711771287966939,-0.7107667289637238,0,0.7076242893104743,0.7057917039349302,0.7099791924584843
-0.7113494228435345,-0.7103889550814507,-0.7091955091370991,-0.7076242893104743,0,0.7039591185593861,0.7111566440324892
-0.7098713619867049,-0.7087814959509346,-0.7074500456111948,-0.7057917039349302,-0.7039591185593861,0,0.7183541695055924
-0.7112851632398528,-0.7106960306618662,-0.7101760765847942,-0.7099791924584843,-0.7111566440324892,-0.7183541695055924,0
