0,0.714585995353144,0.7141620304780245,0.7136907057193457,0.7129087339113396,0.7119254715260852,0.7110599760444393
-0.714585995353144,0,0.713738065602905,0.7132430609024465,0.7123496467640714,0.7112603405693205,0.7103547721826984
-0.7141620304780245,-0.713738065602905,0,0.7127480562019879,0.7116554373446546,0.7104344322247923,0.7095089488276467
-0.7136907057193457,-0.7132430609024465,-0.7127480562019879,0,0.7105628184873214,0.7092776202361946,0.708429246369533
-0.7129087339113396,-0.7123496467640714,-0.7116554373446546,-0.7105628184873214,0,0.7079924219850677,0.7073624603106388
-0.7119254715260852,-0.7112603405693205,-0.7104344322247923,-0.7092776202361946,-0.7079924219850677,0,0.7067324986362098
-0.7110599760444393,-0.7103547721826984,-0.7095089488276467,-0.708429246369533,-0.7073624603106388,-0.7067324986362098,0
