0,3.203933355039889,3.2009681718952447,3.107474925240887,2.814662818241594,2.349581091612079,1.817934089796144
-3.203933355039889,0,3.1980029887506003,3.059245710341386,2.6849059726421616,2.135993025755126,1.540734236747395
-3.2009681718952447,-3.1980029887506003,0,2.9204884319321716,2.428357464587943,1.7819897047566349,1.1264170487465937
-3.107474925240887,-3.059245710341386,-2.9204884319321716,0,1.9362264972437142,1.2127403411688666,0.528393254351401
-2.814662818241594,-2.6849059726421616,-2.428357464587943,-1.9362264972437142,0,0.4892541850940191,-0.17552336709475558
-2.349581091612079,-2.135993025755126,-1.7819897047566349,-1.2127403411688666,-0.4892541850940191,0,-0.8403009192835302
-1.817934089796144,-1.540734236747395,-1.1264170487465937,-0.528393254351401,0.17552336709475558,0.8403009192835302,0
