0,3.1951658542619588,3.1898505022118653,3.1898431101820033,2.9013274489786376,2.2035938188737836,2.1543564859068973
-3.1951658542619588,0,3.184535150161772,3.1871817381420255,2.803381313884197,1.9557008100267397,1.9461946122358849
-3.1898505022118653,-3.184535150161772,0,3.189828326122279,2.61280439574541,1.546089363315062,1.6366094777544131
-3.1898431101820033,-3.1871817381420255,-3.189828326122279,0,2.035780465368541,0.7242198819114538,1.1188698616317911
-2.9013274489786376,-2.803381313884197,-2.61280439574541,-2.035780465368541,0,-0.5873407015456333,0.6604145597634163
-2.2035938188737836,-1.9557008100267397,-1.546089363315062,-0.7242198819114538,0.5873407015456333,0,1.908169821072466
-2.1543564859068973,-1.9461946122358849,-1.6366094777544131,-1.1188698616317911,-0.6604145597634163,-1.908169821072466,0
