0,3.205762338703485,3.221573648380584,3.2197889494216176,2.7965316327278495,2.3504142747523886,2.6251131017479477
-3.205762338703485,0,3.2373849580576834,3.226802254780684,2.6601213974026376,2.1365772587646146,2.50898325435684
-3.221573648380584,-3.2373849580576834,0,3.216219551503684,2.371489617075115,1.7696413590002582,2.3268828284316294
-3.2197889494216176,-3.226802254780684,-3.216219551503684,0,1.5267596826465457,1.0463522627485453,2.0304372540742777
-2.7965316327278495,-2.6601213974026376,-2.371489617075115,-1.5267596826465457,0,0.5659448428505449,2.282276039788144
-2.3504142747523886,-2.1365772587646146,-1.7696413590002582,-1.0463522627485453,-0.5659448428505449,0,3.998607236725743
-2.6251131017479477,-2.50898325435684,-2.3268828284316294,-2.0304372540742777,-2.282276039788144,-3.998607236725743,0
