0,3.219189935862561,3.2041467741789496,3.273451740888174,2.892950986378098,2.3141179778329533,2.04281013406038
-3.219189935862561,0,3.1891036124953382,3.300582643400981,2.784204669883277,2.0878499883255515,1.8075341736999437
-3.2041467741789496,-3.1891036124953382,0,3.4120616743066234,2.581755198577247,1.7207654469356226,1.462141814001095
-3.273451740888174,-3.300582643400981,-3.4120616743066234,0,1.7514487228478703,0.8751173332501221,0.8121685272325857
-2.892950986378098,-2.784204669883277,-2.581755198577247,-1.7514487228478703,0,-0.001214056347626169,0.3425284294249433
-2.3141179778329533,-2.0878499883255515,-1.7207654469356226,-0.8751173332501221,0.001214056347626169,0,0.6862709151975128
-2.04281013406038,-1.8075341736999437,-1.462141814001095,-0.8121685272325857,-0.3425284294249433,-0.6862709151975128,0
