0,3.2208520696875773,3.2268168183983326,3.200945579640455,2.8797264948289136,2.2932236435725946,2.1543564859068973
-3.2208520696875773,0,3.232781567109088,3.190992334616894,2.766017969876026,2.0613165370438487,1.941057369150761
-3.2268168183983326,-3.232781567109088,0,3.1492031021247,2.5326361712594947,1.670828193688769,1.6181263196611795
-3.200945579640455,-3.190992334616894,-3.1492031021247,0,1.9160692403942896,0.9316407394708035,1.1077673921733393
-2.8797264948289136,-2.766017969876026,-2.5326361712594947,-1.9160692403942896,0,-0.0527877614526826,0.7036164680628643
-2.2932236435725946,-2.0613165370438487,-1.670828193688769,-0.9316407394708035,0.0527877614526826,0,1.4600206975784111
-2.1543564859068973,-1.941057369150761,-1.6181263196611795,-1.1077673921733393,-0.7036164680628643,-1.4600206975784111,0
