0,7.1062206579186356,5.455841313894869,4.255951326830818,3.2045639519525695,2.569910945865269,2.1445111113431956,1.8435417819440085,1.613867325135116,1.4383105391251305,1.2963985089662926,1.1808838532243697,1.0817788378995337,1.0009707911019752,0.9279688175112027,0.8702867308124665,0.8252854903021422,0.7719067869856692,1.1368879577231294
-7.1062206579186356,0,3.805461969871102,2.8308166612869092,1.9040117166305475,1.4358335178519273,1.1521692020281076,0.9664286359482374,0.8292454204517562,0.7298217742759423,0.6508627146382544,0.5883501727549432,0.534102308806888,0.49219996886725353,0.45271867594140025,0.42486287887631163,0.40655647912770926,0.37601217005235876,0.7857507400645702
-5.455841313894869,-3.805461969871102,0,1.8561713527027166,0.9532865900102703,0.6459573671788691,0.48884601006735906,0.3986219691636645,0.3332093288818652,0.2904446034766338,0.25653780773414847,0.23089330640870326,0.20696634270046665,0.19099433241235822,0.17332340144725844,0.16481679495363544,0.16377751550318123,0.1473821833977759,0.597018788201662
-4.255951326830818,-2.8308166612869092,-1.8561713527027166,0,0.050401827317823944,0.04085037441694528,0.03307089585557321,0.03423462327890148,0.028616924117694963,0.02949014527228666,0.02801872988149588,0.027733550621951597,0.02372134158910555,0.024476630383322373,0.020337224060398607,0.023870581807878672,0.03359337418014004,0.025325814161708697,0.5130752839015916
-3.2045639519525695,-1.9040117166305475,-0.9532865900102703,-0.050401827317823944,0,0.03129892151606661,0.024405430124447847,0.02884555526592732,0.02317069831766272,0.025307808863179203,0.02428821364210787,0.02449522537968412,0.02038628087301575,0.021596052946155533,0.017330763734656075,0.02145865039788365,0.03219266975199971,0.023396890072776753,0.5461233879432894
-2.569910945865269,-1.4358335178519273,-0.6459573671788691,-0.04085037441694528,-0.03129892151606661,0,0.01751193873282908,0.027618872140857675,0.02046129058486142,0.023810030699957352,0.022886072067316122,0.02336127602362037,0.01882733220972277,0.020383194374916647,0.015778746203388237,0.020474623286065353,0.03227391959162999,0.0227383874525026,0.5857252699761527
-2.1445111113431956,-1.1521692020281076,-0.48884601006735906,-0.03307089585557321,-0.024405430124447847,-0.01751193873282908,0,0.03772580554888627,0.02193596651087759,0.02590939468900011,0.02422960540093788,0.02453114348177863,0.019046564455871717,0.02079337375235773,0.01556209713720813,0.02080381045864716,0.033750117677510086,0.0232135191542911,0.6330763809130963
-1.8435417819440085,-0.9664286359482374,-0.3986219691636645,-0.03423462327890148,-0.02884555526592732,-0.027618872140857675,-0.03772580554888627,0,0.006146127472868912,0.02000118925905703,0.01973087201828842,0.021232477965001717,0.015310716237268807,0.017971301786269638,0.012395853078396968,0.01868856107236727,0.033308374580690504,0.021762290514831584,0.6871991604916609
-1.613867325135116,-0.8292454204517562,-0.3332093288818652,-0.028616924117694963,-0.02317069831766272,-0.02046129058486142,-0.02193596651087759,-0.006146127472868912,0,0.033856251045245145,0.02652324429099817,0.02626126146237932,0.01760186342836878,0.020336336648949783,0.013437474012651643,0.020480337300867037,0.036703655469168206,0.023497419741716326,0.75530446379354
-1.4383105391251305,-0.7298217742759423,-0.2904446034766338,-0.02949014527228666,-0.025307808863179203,-0.023810030699957352,-0.02590939468900011,-0.02000118925905703,-0.033856251045245145,0,0.019190237536751198,0.022463766670946406,0.012183734222743325,0.01695635804987594,0.009353718606132943,0.018251018343470687,0.037110427529728644,0.022202565828775223,0.8354653763211284
-1.2963985089662926,-0.6508627146382544,-0.25653780773414847,-0.02801872988149588,-0.02428821364210787,-0.022886072067316122,-0.02422960540093788,-0.01973087201828842,-0.02652324429099817,-0.019190237536751198,0,0.025737295805141613,0.00868048256573939,0.016211731554250857,0.00689458887347838,0.018063174504814584,0.04009712586189155,0.022632898441921512,0.9374997686691755
-1.1808838532243697,-0.5883501727549432,-0.23089330640870326,-0.027733550621951597,-0.02449522537968412,-0.02336127602362037,-0.02453114348177863,-0.021232477965001717,-0.02626126146237932,-0.022463766670946406,-0.025737295805141613,0,-0.008376330673662835,0.011448949428805477,0.0006136865629239688,0.016144644179732826,0.042969091873241536,0.022115498881384827,1.0677515505068946
-1.0817788378995337,-0.534102308806888,-0.20696634270046665,-0.02372134158910555,-0.02038628087301575,-0.01882733220972277,-0.019046564455871717,-0.015310716237268807,-0.01760186342836878,-0.012183734222743325,-0.00868048256573939,0.008376330673662835,0,0.03127422953127379,0.005108695181217371,0.024318302464198045,0.05580544750996763,0.02821386479239436,1.2471061973703208
-1.0009707911019752,-0.49219996886725353,-0.19099433241235822,-0.024476630383322373,-0.021596052946155533,-0.020383194374916647,-0.02079337375235773,-0.017971301786269638,-0.020336336648949783,-0.01695635804987594,-0.016211731554250857,-0.011448949428805477,-0.03127422953127379,0,-0.021056839168839048,0.020840338930660174,0.06398252016953225,0.027448773607674504,1.4902725909381302
-0.9279688175112027,-0.45271867594140025,-0.17332340144725844,-0.020337224060398607,-0.017330763734656075,-0.015778746203388237,-0.01556209713720813,-0.012395853078396968,-0.013437474012651643,-0.009353718606132943,-0.00689458887347838,-0.0006136865629239688,-0.005108695181217371,0.021056839168839048,0,0.0627375170301594,0.10650219983871789,0.04361731119984569,1.8681049484648726
-0.8702867308124665,-0.42486287887631163,-0.16481679495363544,-0.023870581807878672,-0.02145865039788365,-0.020474623286065353,-0.02080381045864716,-0.01868856107236727,-0.020480337300867037,-0.018251018343470687,-0.018063174504814584,-0.016144644179732826,-0.024318302464198045,-0.020840338930660174,-0.0627375170301594,0,0.1502668826472764,0.034057208284688834,2.469894092276444
-0.8252854903021422,-0.40655647912770926,-0.16377751550318123,-0.03359337418014004,-0.03219266975199971,-0.03227391959162999,-0.033750117677510086,-0.033308374580690504,-0.036703655469168206,-0.037110427529728644,-0.04009712586189155,-0.042969091873241536,-0.05580544750996763,-0.06398252016953225,-0.10650219983871789,-0.1502668826472764,0,-0.08215246607789872,3.6297076970910274
-0.7719067869856692,-0.37601217005235876,-0.1473821833977759,-0.025325814161708697,-0.023396890072776753,-0.0227383874525026,-0.0232135191542911,-0.021762290514831584,-0.023497419741716326,-0.022202565828775223,-0.022632898441921512,-0.022115498881384827,-0.02821386479239436,-0.027448773607674504,-0.04361731119984569,-0.034057208284688834,0.08215246607789872,0,7.3415678602599534
-1.1368879577231294,-0.7857507400645702,-0.597018788201662,-0.5130752839015916,-0.5461233879432894,-0.5857252699761527,-0.6330763809130963,-0.6871991604916609,-0.75530446379354,-0.8354653763211284,-0.9374997686691755,-1.0677515505068946,-1.2471061973703208,-1.4902725909381302,-1.8681049484648726,-2.469894092276444,-3.6297076970910274,-7.3415678602599534,0
