0,-7.106220657918634,-5.45584131389487,-4.210902391134847,-3.129814493819437,-2.3782871556859817,-1.856944333107624,-1.4881166130700796,-1.2171989780127466,-1.0147313059671488,-0.8590425271954409,-0.7371718766967517,-0.6389352788996188,-0.55982481601661,-0.4938809737630188,-0.44024626776834686,-0.3977522659068841,-0.35951253246051085,-0.442383912643098
-7.106220657918634,0,-3.8054619698711005,-2.8308166612869083,-1.8992276802377646,-1.3393241322835965,-0.9905213766465814,-0.763863724158609,-0.6062799025648083,-0.4945792090530637,-0.41178309390983103,-0.3490740402814913,-0.2991476489207119,-0.2601413655909194,-0.22758889593334286,-0.20230850618333723,-0.18424497428731826,-0.1666249535672029,-0.28013621809155614
-5.45584131389487,-3.8054619698711005,0,-1.8561713527027168,-0.9532865900102734,-0.5864018131927669,-0.399246882937277,-0.29412817752308223,-0.22573056308406073,-0.18124203106456716,-0.14967726322028202,-0.1268475650041845,-0.10824846162822875,-0.09455766229221703,-0.0824715362717364,-0.07431071365195999,-0.07090508317398908,-0.06525004625302566,-0.20404203687602893
-4.210902391134847,-2.8308166612869083,-1.8561713527027168,0,-0.05040182731782494,-0.040850374416947666,-0.032893698421620966,-0.032268784648011015,-0.028358429687671455,-0.02755092663300572,-0.026517742935541367,-0.025983560734696255,-0.023837437537447218,-0.023004860884121844,-0.02082984742824329,-0.0208968503813469,-0.024635253159467064,-0.024395521984310838,-0.18564332696878014
-3.129814493819437,-1.8992276802377646,-0.9532865900102734,-0.05040182731782494,0,-0.03129892151606382,-0.024405430124448325,-0.027712193612616162,-0.02406033308230037,-0.024416361211203705,-0.023983572292120187,-0.023949387201919917,-0.021778386301454778,-0.021191104564662923,-0.018950407993071735,-0.019341818010887468,-0.023894595427251,-0.023726425188817377,-0.20656315041061396
-2.3782871556859817,-1.3393241322835965,-0.5864018131927669,-0.040850374416947666,-0.03129892151606382,0,-0.017511938732827772,-0.027618872140858255,-0.022187742081262184,-0.02343521786213984,-0.023185213753051055,-0.023369363933955976,-0.020800618625366047,-0.020300111541750602,-0.017789474260423214,-0.018463128596505913,-0.02392115048466005,-0.023723022508404974,-0.23267976600194568
-1.856944333107624,-0.9905213766465814,-0.399246882937277,-0.032893698421620966,-0.024405430124448325,-0.017511938732827772,0,-0.03772580554888351,-0.021935966510877883,-0.023933067967388057,-0.023383922172562945,-0.023563219607265755,-0.020205159732417346,-0.019728390601135487,-0.016786883021872714,-0.01779578647288148,-0.02436751090863127,-0.02406196819900524,-0.26511375750838373
-1.4881166130700796,-0.763863724158609,-0.29412817752308223,-0.032268784648011015,-0.027712193612616162,-0.027618872140858255,-0.03772580554888351,0,-0.0061461274728691956,-0.020001189259055436,-0.021143409920984353,-0.022290631230201034,-0.01823741418942583,-0.01818663831863195,-0.014895191915179365,-0.01654867193456589,-0.024684164165130067,-0.02426549491620816,-0.30545866132428184
-1.2171989780127466,-0.6062799025648083,-0.22573056308406073,-0.028358429687671455,-0.02406033308230037,-0.022187742081262184,-0.021935966510877883,-0.0061461274728691956,0,-0.0338562510452458,-0.026523244290998206,-0.02555415906981448,-0.018574244076885425,-0.018394266286672106,-0.014103084348507232,-0.016367961264409755,-0.02635149858402155,-0.025515628601537617,-0.3576075282319283
-1.0147313059671488,-0.4945792090530637,-0.18124203106456716,-0.02755092663300572,-0.024416361211203705,-0.02343521786213984,-0.023933067967388057,-0.020001189259055436,-0.0338562510452458,0,-0.019190237536754296,-0.02246376667094632,-0.013539090380984104,-0.01530118295304898,-0.010610634813369576,-0.014520462143853757,-0.027461758573508202,-0.02619341526391938,-0.4245681374879122
-0.8590425271954409,-0.41178309390983103,-0.14967726322028202,-0.026517742935541367,-0.023983572292120187,-0.023185213753051055,-0.023383922172562945,-0.021143409920984353,-0.026523244290998206,-0.019190237536754296,0,-0.02573729580514182,-0.008680482565740274,-0.013752925331459468,-0.007805460984543819,-0.013953622034798024,-0.030754386046941008,-0.028345800041596713,-0.5147699305869935
-0.7371718766967517,-0.3490740402814913,-0.1268475650041845,-0.025983560734696255,-0.023949387201919917,-0.023369363933955976,-0.023563219607265755,-0.022290631230201034,-0.02555415906981448,-0.02246376667094632,-0.02573729580514182,0,0.00837633067366639,-0.011448949428805852,-0.0036797408597585915,-0.01393745438003067,-0.03634386228114184,-0.03165011563592876,-0.6388541999190903
-0.6389352788996188,-0.2991476489207119,-0.10824846162822875,-0.023837437537447218,-0.021778386301454778,-0.020800618625366047,-0.020205159732417346,-0.01823741418942583,-0.018574244076885425,-0.013539090380984104,-0.008680482565740274,0.00837633067366639,0,-0.0312742295312729,-0.005108695181218671,-0.019780788300894893,-0.048812425794106135,-0.038397909096165986,-0.8171609336144511
-0.55982481601661,-0.2601413655909194,-0.09455766229221703,-0.023004860884121844,-0.021191104564662923,-0.020300111541750602,-0.019728390601135487,-0.01818663831863195,-0.018394266286672106,-0.01530118295304898,-0.013752925331459468,-0.011448949428805852,-0.0312742295312729,0,0.021056839168839263,-0.020840338930663237,-0.06385801985559537,-0.04325945885388507,-1.0799896416256916
-0.4938809737630188,-0.22758889593334286,-0.0824715362717364,-0.02082984742824329,-0.018950407993071735,-0.017789474260423214,-0.016786883021872714,-0.014895191915179365,-0.014103084348507232,-0.010610634813369576,-0.007805460984543819,-0.0036797408597585915,-0.005108695181218671,0.021056839168839263,0,-0.06273751703015898,-0.1065021998387204,-0.05428226834458758,-1.5012954004288384
-0.44024626776834686,-0.20230850618333723,-0.07431071365195999,-0.0208968503813469,-0.019341818010887468,-0.018463128596505913,-0.01779578647288148,-0.01654867193456589,-0.016367961264409755,-0.014520462143853757,-0.013953622034798024,-0.01393745438003067,-0.019780788300894893,-0.020840338930663237,-0.06273751703015898,0,-0.1502668826472755,-0.03405720828468925,-2.214689436441012
-0.3977522659068841,-0.18424497428731826,-0.07090508317398908,-0.024635253159467064,-0.023894595427251,-0.02392115048466005,-0.02436751090863127,-0.024684164165130067,-0.02635149858402155,-0.027461758573508202,-0.030754386046941008,-0.03634386228114184,-0.048812425794106135,-0.06385801985559537,-0.1065021998387204,-0.1502668826472755,0,0.0821524660779001,-3.629707697091048
-0.35951253246051085,-0.1666249535672029,-0.06525004625302566,-0.024395521984310838,-0.023726425188817377,-0.023723022508404974,-0.02406196819900524,-0.02426549491620816,-0.025515628601537617,-0.02619341526391938,-0.028345800041596713,-0.03165011563592876,-0.038397909096165986,-0.04325945885388507,-0.05428226834458758,-0.03405720828468925,0.0821524660779001,0,-7.3415678602599765
-0.442383912643098,-0.28013621809155614,-0.20404203687602893,-0.18564332696878014,-0.20656315041061396,-0.23267976600194568,-0.26511375750838373,-0.30545866132428184,-0.3576075282319283,-0.4245681374879122,-0.5147699305869935,-0.6388541999190903,-0.8171609336144511,-1.0799896416256916,-1.5012954004288384,-2.214689436441012,-3.629707697091048,-7.3415678602599765,0
