0,7.032365489853488,5.512026062278142,4.233807700125259,3.2077609410318506,2.567043468430449,2.1500139538970693,1.843565707629656,1.6152476487071588,1.437875332763347,1.2958591712782643,1.1792998274497692,1.08338923688497,1.001751333086918,0.9271523014333196,0.8723082391214515,0.8206285758076156,0.7620335400785835,0.6343328935232321
-7.032365489853488,0,3.9916866347027966,2.8345288052611437,1.932892758091305,1.450712963074689,1.1735436467057856,0.9787657439256842,0.8413736714005403,0.7385640631270793,0.6584695803254618,0.5939932612093974,0.542573213887832,0.49920015335637064,0.4575205177086913,0.4323041497834489,0.4065127815378908,0.37013779321765194,0.25797803491557
-5.512026062278142,-3.9916866347027966,0,1.6773709758194908,0.9034958197855589,0.6037217391986532,0.4690078997065328,0.37618156577026163,0.31632151085016424,0.27383226718769116,0.2418174485282949,0.21647177526568642,0.1976618718063355,0.1817013823248774,0.16300667462584917,0.1585054970973452,0.15042893488325465,0.12870120378530897,0.024621247428868287
-4.233807700125259,-2.8345288052611437,-1.6773709758194908,0,0.12962066375162706,0.06689712088823452,0.06622020766888011,0.050884213257954336,0.04411161785629893,0.03990914908239122,0.0367383732009812,0.03385937519646087,0.03324974913820711,0.03213442297541604,0.025337192699154475,0.031933373870499736,0.032971854811236496,0.01808193435429598,-0.08556206779717321
-3.2077609410318506,-1.932892758091305,-0.9034958197855589,-0.12962066375162706,0,0.004173578024841973,0.034519979627506636,0.024638729760063427,0.022734356382466903,0.02196684614854405,0.02125799144254022,0.020179191117151416,0.021203384811529613,0.021302618444725932,0.014908845593907216,0.023052711154033612,0.02491778739953728,0.009502032092962819,-0.1009322629078018
-2.567043468430449,-1.450712963074689,-0.6037217391986532,-0.06689712088823452,-0.004173578024841973,0,0.0648663812301713,0.034871305627674154,0.02892128250167521,0.02641516317946957,0.02467487412607987,0.02284679329920299,0.02363621435248499,0.023443748497211425,0.016101653101581133,0.024940624466952777,0.026803624615418672,0.00994606993197289,-0.10901732759492824
-2.1500139538970693,-1.1735436467057856,-0.4690078997065328,-0.06622020766888011,-0.034519979627506636,-0.0648663812301713,0,0.0048762300251770085,0.010948733137427169,0.013598090495902326,0.014626997350057014,0.01444287571300933,0.016764519872870604,0.017526229535360014,0.010006062085507361,0.02050442927103961,0.022997348953943408,0.0049533143594093975,-0.12350763666368654
-1.843565707629656,-0.9787657439256842,-0.37618156577026163,-0.050884213257954336,-0.024638729760063427,-0.034871305627674154,-0.0048762300251770085,0,0.01702123624967733,0.017959020731264985,0.017877253125017017,0.01683453713496741,0.019142177842409326,0.01963456278705718,0.010738895236983126,0.022457954176772432,0.02501080661269523,0.004961022792832637,-0.13517889727176505
-1.6152476487071588,-0.8413736714005403,-0.31632151085016424,-0.04411161785629893,-0.022734356382466903,-0.02892128250167521,-0.010948733137427169,-0.01702123624967733,0,0.01889680521285264,0.01830526156268686,0.016772304096730768,0.019672413240592324,0.02015722809453315,0.009691838401534092,0.023234628166357445,0.026009502908072468,0.0036209990754054486,-0.15039891062390928
-1.437875332763347,-0.7385640631270793,-0.27383226718769116,-0.03990914908239122,-0.02196684614854405,-0.02641516317946957,-0.013598090495902326,-0.017959020731264985,-0.01889680521285264,0,0.017713717912521076,0.015710053538669833,0.019930949249838886,0.02047233381495328,0.007850845039270382,0.023957598658608248,0.02702560257881816,0.0017115233082245496,-0.16920954571688285
-1.2958591712782643,-0.6584695803254618,-0.2418174485282949,-0.0367383732009812,-0.02125799144254022,-0.02467487412607987,-0.014626997350057014,-0.017877253125017017,-0.01830526156268686,-0.017713717912521076,0,0.013706389164818589,0.02103956491849779,0.02139187244909735,0.0053851268209577086,0.02520637480782568,0.028577583356534337,-0.0005745044923892399,-0.19257495367055832
-1.1792998274497692,-0.5939932612093974,-0.21647177526568642,-0.03385937519646087,-0.020179191117151416,-0.02284679329920299,-0.01444287571300933,-0.01683453713496741,-0.016772304096730768,-0.015710053538669833,-0.013706389164818589,0,0.028372740672176988,0.02523461409123673,0.002611372706337415,0.028081371218577456,0.03155182219487749,-0.0029546534352572116,-0.22204371693275501
-1.08338923688497,-0.542573213887832,-0.1976618718063355,-0.03324974913820711,-0.021203384811529613,-0.02363621435248499,-0.016764519872870604,-0.019142177842409326,-0.019672413240592324,-0.019930949249838886,-0.02103956491849779,-0.028372740672176988,0,0.02209648751029647,-0.010269311276582371,0.02798424806737761,0.03234659257555261,-0.009220132256744052,-0.2637797932002437
-1.001751333086918,-0.49920015335637064,-0.1817013823248774,-0.03213442297541604,-0.021302618444725932,-0.023443748497211425,-0.017526229535360014,-0.01963456278705718,-0.02015722809453315,-0.02047233381495328,-0.02139187244909735,-0.02523461409123673,-0.02209648751029647,0,-0.04263511006346121,0.030928128345918182,0.035763294263971325,-0.01704928719850418,-0.32095504934235175
-0.9271523014333196,-0.4575205177086913,-0.16300667462584917,-0.025337192699154475,-0.014908845593907216,-0.016101653101581133,-0.010006062085507361,-0.010738895236983126,-0.009691838401534092,-0.007850845039270382,-0.0053851268209577086,-0.002611372706337415,0.010269311276582371,0.04263511006346121,0,0.10449136675529758,0.0749624964276876,-0.008520679576851839,-0.39053503416207436
-0.8723082391214515,-0.4323041497834489,-0.1585054970973452,-0.031933373870499736,-0.023052711154033612,-0.024940624466952777,-0.02050442927103961,-0.022457954176772432,-0.023234628166357445,-0.023957598658608248,-0.02520637480782568,-0.028081371218577456,-0.02798424806737761,-0.030928128345918182,-0.10449136675529758,0,0.04543362610007762,-0.06502670274292655,-0.555543834467865
-0.8206285758076156,-0.4065127815378908,-0.15042893488325465,-0.032971854811236496,-0.02491778739953728,-0.026803624615418672,-0.022997348953943408,-0.02501080661269523,-0.026009502908072468,-0.02702560257881816,-0.028577583356534337,-0.03155182219487749,-0.03234659257555261,-0.035763294263971325,-0.0749624964276876,-0.04543362610007762,0,-0.1754870315859307,-0.8560325647518363
-0.7620335400785835,-0.37013779321765194,-0.12870120378530897,-0.01808193435429598,-0.009502032092962819,-0.00994606993197289,-0.0049533143594093975,-0.004961022792832637,-0.0036209990754054486,-0.0017115233082245496,0.0005745044923892399,0.0029546534352572116,0.009220132256744052,0.01704928719850418,0.008520679576851839,0.06502670274292655,0.1754870315859307,0,-1.536578097917742
-0.6343328935232321,-0.25797803491557,-0.024621247428868287,0.08556206779717321,0.1009322629078018,0.10901732759492824,0.12350763666368654,0.13517889727176505,0.15039891062390928,0.16920954571688285,0.19257495367055832,0.22204371693275501,0.2637797932002437,0.32095504934235175,0.39053503416207436,0.555543834467865,0.8560325647518363,1.536578097917742,0
