0,7.131572775123931,5.539712668066909,4.242290710294564,3.2017416749545013,2.5719623020102538,2.144622461254061,1.8447834874239282,1.6140594439029612,1.4359760332954505,1.2946492482895466,1.1782179184687673,1.0816621366547197,1.0004855117105829,0.9309962292726742,0.8655217046178189,0.824493135807247,0.7327066699515625,0.8998314285064501
-7.131572775123931,0,3.9478525610098876,2.7976496778798814,1.891797974898025,1.4320596837318347,1.1472323984800872,0.9636519394739277,0.825843253728537,0.7240264405668905,0.6461021897523929,0.5828824328032509,0.5316702604302459,0.4895615730928038,0.45402880266873147,0.4179466281530965,0.40402115985280146,0.33277753837828955,0.5332584081171866
-5.539712668066909,-3.9478525610098876,0,1.6474467947498752,0.8637706818420936,0.5934620579724837,0.447077357847637,0.3668118151667358,0.3055083691816452,0.2634798519321766,0.23338339334520608,0.20899686300251355,0.19005203037228177,0.1751714832821598,0.16287682280696844,0.146415402548728,0.15089034548443817,0.09177253686951635,0.31984627356139284
-4.242290710294564,-2.7976496778798814,-1.6474467947498752,0,0.080094568934312,0.06646968958378796,0.04695421221355763,0.04665307027095089,0.03712068406799922,0.0328186947958935,0.03137433600168192,0.029190621534093353,0.028119278774771397,0.02794395213538827,0.02791591626670418,0.021329453198632404,0.03577061861786609,-0.019347052979080712,0.23133957214882733
-3.2017416749545013,-1.891797974898025,-0.8637706818420936,-0.080094568934312,0,0.05284481023326393,0.030384033853180448,0.035505904049830526,0.026377212851421028,0.0233635199682098,0.023254297179576906,0.02191862904834783,0.02162236750482882,0.022149439157730082,0.022698050999943396,0.015987169949934262,0.0320769560914956,-0.02699640851088015,0.24214278666414987
-2.5719623020102538,-1.4320596837318347,-0.5934620579724837,-0.06646968958378796,-0.05284481023326393,0,0.007923257473096967,0.026836450958113822,0.017554680390806727,0.01599319740194627,0.017336194568839502,0.016764265517528482,0.017162018543623807,0.01831251777328835,0.019348411085130007,0.012301405921601293,0.03018896935133484,-0.03364984340622549,0.2567041694665257
-2.144622461254061,-1.1472323984800872,-0.447077357847637,-0.04695421221355763,-0.030384033853180448,-0.007923257473096967,0,0.04574964444313068,0.02237039184966161,0.01868317737822937,0.019689428842775136,0.018532467126414785,0.01870181205537828,0.019796697816172833,0.020776555286634135,0.012787866860323996,0.03241554053915863,-0.037429216213436624,0.2774359121326448
-1.8447834874239282,-0.9636519394739277,-0.3668118151667358,-0.04665307027095089,-0.035505904049830526,-0.026836450958113822,-0.04574964444313068,0,-0.0010088607438074604,0.005149943845778715,0.01100269030932329,0.011728172797235814,0.013292245577827799,0.01547120671167986,0.017208971121420343,0.008667644662473162,0.030933973438717288,-0.04574710227909336,0.2984983001044188
-1.6140594439029612,-0.825843253728537,-0.3055083691816452,-0.03712068406799922,-0.026377212851421028,-0.017554680390806727,-0.02237039184966161,0.0010088607438074604,0,0.01130874843536489,0.017008465835888664,0.015973850644250238,0.016867522158236614,0.018767220202777324,0.020245276432291643,0.010050002577656108,0.03492682771153288,-0.05071801800523623,0.3284490161892414
-1.4359760332954505,-0.7240264405668905,-0.2634798519321766,-0.0328186947958935,-0.0233635199682098,-0.01599319740194627,-0.01868317737822937,-0.005149943845778715,-0.01130874843536489,0,0.022708183236412438,0.018306401748692913,0.01872044673252719,0.020631838144630432,0.022032582031676996,0.00984021160137131,0.03830083903669974,-0.05847136381031137,0.3636868237174499
-1.2946492482895466,-0.6461021897523929,-0.23338339334520608,-0.03137433600168192,-0.023254297179576906,-0.017336194568839502,-0.019689428842775136,-0.01100269030932329,-0.017008465835888664,-0.022708183236412438,0,0.013904620260973388,0.016726578480584564,0.01993972311403643,0.021863681730493134,0.007266617274363086,0.04089961500341429,-0.07006844195984334,0.4063091537775796
-1.1782179184687673,-0.5828824328032509,-0.20899686300251355,-0.029190621534093353,-0.02191862904834783,-0.016764265517528482,-0.018532467126414785,-0.011728172797235814,-0.015973850644250238,-0.018306401748692913,-0.013904620260973388,0,0.01954853670019574,0.02295727454056795,0.02451670222033305,0.0056071165277105095,0.04629861395190247,-0.08406395232997947,0.4623669442799519
-1.0816621366547197,-0.5316702604302459,-0.19005203037228177,-0.028119278774771397,-0.02162236750482882,-0.017162018543623807,-0.01870181205537828,-0.013292245577827799,-0.016867522158236614,-0.01872044673252719,-0.016726578480584564,-0.01954853670019574,0,0.026366012380940163,0.027000784980401704,0.0009599764702154326,0.05298613326482915,-0.10478645013601451,0.5361700122099112
-1.0004855117105829,-0.4895615730928038,-0.1751714832821598,-0.02794395213538827,-0.022149439157730082,-0.01831251777328835,-0.019796697816172833,-0.01547120671167986,-0.018767220202777324,-0.020631838144630432,-0.01993972311403643,-0.02295727454056795,-0.026366012380940163,0,0.027635557579863246,-0.011743041485146932,0.06185950689279215,-0.13757456576525318,0.6381308121757054
-0.9309962292726742,-0.45402880266873147,-0.16287682280696844,-0.02791591626670418,-0.022698050999943396,-0.019348411085130007,-0.020776555286634135,-0.017208971121420343,-0.020245276432291643,-0.022032582031676996,-0.021863681730493134,-0.02451670222033305,-0.027000784980401704,-0.027635557579863246,0,-0.05112164055015711,0.0789714815492566,-0.19264460688029197,0.790754625824666
-0.8655217046178189,-0.4179466281530965,-0.146415402548728,-0.021329453198632404,-0.015987169949934262,-0.012301405921601293,-0.012787866860323996,-0.008667644662473162,-0.010050002577656108,-0.00984021160137131,-0.007266617274363086,-0.0056071165277105095,-0.0009599764702154326,0.011743041485146932,0.05112164055015711,0,0.2090646036486703,-0.2634060900453594,1.0713800479496072
-0.824493135807247,-0.40402115985280146,-0.15089034548443817,-0.03577061861786609,-0.0320769560914956,-0.03018896935133484,-0.03241554053915863,-0.030933973438717288,-0.03492682771153288,-0.03830083903669974,-0.04089961500341429,-0.04629861395190247,-0.05298613326482915,-0.06185950689279215,-0.0789714815492566,-0.2090646036486703,0,-0.7358767837393891,1.5025377701000755
-0.7327066699515625,-0.33277753837828955,-0.09177253686951635,0.019347052979080712,0.02699640851088015,0.03364984340622549,0.037429216213436624,0.04574710227909336,0.05071801800523623,0.05847136381031137,0.07006844195984334,0.08406395232997947,0.10478645013601451,0.13757456576525318,0.19264460688029197,0.2634060900453594,0.7358767837393891,0,3.74095232393954
-0.8998314285064501,-0.5332584081171866,-0.31984627356139284,-0.23133957214882733,-0.24214278666414987,-0.2567041694665257,-0.2774359121326448,-0.2984983001044188,-0.3284490161892414,-0.3636868237174499,-0.4063091537775796,-0.4623669442799519,-0.5361700122099112,-0.6381308121757054,-0.790754625824666,-1.0713800479496072,-1.5025377701000755,-3.74095232393954,0
