0,-12.476649250079014,-12.47664925007901,-12.433447253460194,-12.41096893446626,-12.412770681311688,-12.423586572061096,-12.437069965141879,-12.453695361039081,-12.468724413696014,-12.48400617265663,-12.499096815108976,-12.511210562937224,-12.52741435334797,-12.541289882974677,-12.558821922997021,-12.593446226669963,-12.49562938164594,-12.27108215007776
-12.476649250079014,0,-12.476649250079008,-12.33264259468294,-12.312448461047117,-12.34250425566763,-12.37759891777891,-12.408799047329648,-12.439759071264849,-12.464541861160553,-12.487439403192857,-12.508483978666966,-12.52430196932291,-12.544986889094915,-12.561889645106262,-12.583082426429952,-12.62556539523248,-12.500513974328607,-12.221369844848695
-12.47664925007901,-12.476649250079008,0,-12.044629283890773,-12.165517403369286,-12.284401415681447,-12.3650026594776,-12.420001984514858,-12.466452873751654,-12.499178091514072,-12.527249307843002,-12.551644998369465,-12.568310324297748,-12.591376539893762,-12.609147044658158,-12.632344272112746,-12.682256136479387,-12.521773423493155,-12.175489340565521
-12.433447253460194,-12.33264259468294,-12.044629283890773,0,-12.355484448264107,-12.48802793155394,-12.549647198721349,-12.582959812225944,-12.614616883032792,-12.632512286669865,-12.649189940207117,-12.664415734531488,-12.671743757675909,-12.689873953911134,-12.70228983360981,-12.722784926976566,-12.777609614777429,-12.569549636311537,-12.139165836129077
-12.41096893446626,-12.312448461047117,-12.165517403369286,-12.355484448264107,0,-12.673588808159716,-12.680089073123092,-12.68131782670539,-12.699670167028422,-12.70425847779084,-12.71272013334699,-12.722219495401903,-12.722842735282368,-12.739716476318893,-12.749590754126034,-12.770472893470892,-12.834793838554985,-12.569948268332983,-12.039730358358062
-12.412770681311688,-12.34250425566763,-12.284401415681447,-12.48802793155394,-12.673588808159716,0,-12.688589419613685,-12.685596351888352,-12.714881253381998,-12.71689261322587,-12.726023174322744,-12.736552996463878,-12.734626981910951,-12.755326173014616,-12.765987517701221,-12.790741778202003,-12.86989523160154,-12.535043523629788,-11.884055249497337
-12.423586572061096,-12.37759891777891,-12.3650026594776,-12.549647198721349,-12.680089073123092,-12.688589419613685,0,-12.681855017231733,-12.738774835884714,-12.731266382971752,-12.740363905468481,-12.751762823003622,-12.745481026894256,-12.771536387584417,-12.78288573638981,-12.812481841594325,-12.910545877107143,-12.48484257229917,-11.683661569441536
-12.437069965141879,-12.408799047329648,-12.420001984514858,-12.582959812225944,-12.68131782670539,-12.685596351888352,-12.681855017231733,0,-12.807677774254136,-12.749974171620194,-12.756314518657973,-12.76805244539573,-12.754267467088585,-12.788453355929576,-12.800314687837163,-12.836171764857596,-12.958851855091092,-12.413055875309025,-11.422928157082211
-12.453695361039081,-12.439759071264849,-12.466452873751654,-12.614616883032792,-12.699670167028422,-12.714881253381998,-12.738774835884714,-12.807677774254136,0,-12.68177900487093,-12.736979991289253,-12.76503086708789,-12.74527574807828,-12.796985762920295,-12.811286371385973,-12.857023474989484,-13.013526523429553,-12.306159722374332,-11.075786052628043
-12.468724413696014,-12.464541861160553,-12.499178091514072,-12.632512286669865,-12.70425847779084,-12.71689261322587,-12.731266382971752,-12.749974171620194,-12.68177900487093,0,-12.8010131355345,-12.810144124801237,-12.757215070584722,-12.830438521027196,-12.840944468877113,-12.89634099768227,-13.09627385355429,-12.162430635589173,-10.619898268771395
-12.48400617265663,-12.487439403192857,-12.527249307843002,-12.649189940207117,-12.71272013334699,-12.726023174322744,-12.740363905468481,-12.756314518657973,-12.736979991289253,-12.8010131355345,0,-12.820579541106135,-12.719541111713152,-12.85442755424301,-12.861288826708984,-12.933699627022595,-13.19699568224026,-11.939443468282308,-9.988063030933956
-12.499096815108976,-12.508483978666966,-12.551644998369465,-12.664415734531488,-12.722219495401903,-12.736552996463878,-12.751762823003622,-12.76805244539573,-12.76503086708789,-12.810144124801237,-12.820579541106135,0,-12.6054654656243,-12.918204435547553,-12.898955355131335,-12.992386076685479,-13.34585448800894,-11.601590871263918,-9.103716691048579
-12.511210562937224,-12.52430196932291,-12.568310324297748,-12.671743757675909,-12.722842735282368,-12.734626981910951,-12.745481026894256,-12.754267467088585,-12.74527574807828,-12.757215070584722,-12.719541111713152,-12.6054654656243,0,-13.267736225461764,-13.006932122403166,-13.103575133743096,-13.583881077831464,-11.063662521528615,-7.8244029680549705
-12.52741435334797,-12.544986889094915,-12.591376539893762,-12.689873953911134,-12.739716476318893,-12.755326173014616,-12.771536387584417,-12.788453355929576,-12.796985762920295,-12.830438521027196,-12.85442755424301,-12.918204435547553,-13.267736225461764,0,-12.717932981176162,-13.075449045001108,-13.8462635215013,-10.043586131432669,-5.824976971332047
-12.541289882974677,-12.561889645106262,-12.609147044658158,-12.70228983360981,-12.749590754126034,-12.765987517701221,-12.78288573638981,-12.800314687837163,-12.811286371385973,-12.840944468877113,-12.861288826708984,-12.898955355131335,-13.006932122403166,-12.717932981176162,0,-13.468716715208604,-14.559855507252218,-8.24293648495301,-2.737427146886601
-12.558821922997021,-12.583082426429952,-12.632344272112746,-12.722784926976566,-12.770472893470892,-12.790741778202003,-12.812481841594325,-12.836171764857596,-12.857023474989484,-12.89634099768227,-12.933699627022595,-12.992386076685479,-13.103575133743096,-13.075449045001108,-13.468716715208604,0,-15.752495582276714,-3.967566237538842,2.6072990557536646
-12.593446226669963,-12.62556539523248,-12.682256136479387,-12.777609614777429,-12.834793838554985,-12.86989523160154,-12.910545877107143,-12.958851855091092,-13.013526523429553,-13.09627385355429,-13.19699568224026,-13.34585448800894,-13.583881077831464,-13.8462635215013,-14.559855507252218,-15.752495582276714,0,8.84213957195901,11.897543101644924
-12.49562938164594,-12.500513974328607,-12.521773423493155,-12.569549636311537,-12.569948268332983,-12.535043523629788,-12.48484257229917,-12.413055875309025,-12.306159722374332,-12.162430635589173,-11.939443468282308,-11.601590871263918,-11.063662521528615,-10.043586131432669,-8.24293648495301,-3.967566237538842,8.84213957195901,0,15.202367327631704
-12.27108215007776,-12.221369844848695,-12.175489340565521,-12.139165836129077,-12.039730358358062,-11.884055249497337,-11.683661569441536,-11.422928157082211,-11.075786052628043,-10.619898268771395,-9.988063030933956,-9.103716691048579,-7.8244029680549705,-5.824976971332047,-2.737427146886601,2.6072990557536646,11.897543101644924,15.202367327631704,0
