0,7.1012991464740685,5.440988494444753,4.230886411057712,3.201262707035703,2.567583266627718,2.144630285973929,1.842681356992221,1.613972825309111,1.4378370057970147,1.2956035265132981,1.1790528034123333,1.0835568529151793,0.9985072617263223,0.9286285090824975,0.8644917628195994,0.7988563645601132,0.8313642306334915,0.8810451696126799
-7.1012991464740685,0,3.780677842415437,2.795680043349534,1.901250560556248,1.4341542966661305,1.1532965138739006,0.9662450587452462,0.8300690651426885,0.7299042382123829,0.6505262354065457,0.5868281691061598,0.5364893716825532,0.4899412713306768,0.4538076908216074,0.4190055211299945,0.3786935124325162,0.43949329839345547,0.5151478768561276
-5.440988494444753,-3.780677842415437,0,1.8106822442836314,0.9615369196266537,0.6519797814163617,0.49645118173851666,0.40335850201120815,0.33830093559723046,0.29407943761194666,0.2592572845304344,0.23195598318290678,0.21207052460926476,0.19078340123206222,0.1765685115221216,0.16041534256957585,0.13569463171945045,0.21674766212532337,0.31105225400867076
-4.230886411057712,-2.795680043349534,-1.8106822442836314,0,0.11239159496967588,0.07262854998272683,0.058374160890145056,0.0515275664431023,0.04382467385995028,0.04131230316666586,0.03762514742283481,0.034615200545316194,0.034447000201001804,0.028793516926905304,0.028012717634711623,0.022893100760071228,0.006849430752974984,0.10289519197115851,0.21107692132367337
-3.201262707035703,-1.901250560556248,-0.9615369196266537,-0.11239159496967588,0,0.03286550499577778,0.03136544385037965,0.031239556934244444,0.02668294358251888,0.02709644480606386,0.02516407283169464,0.023504287056121953,0.02470392585491754,0.019504841588819686,0.019574829901215195,0.014756874013743532,-0.0019457495984167572,0.10216469943281102,0.21812587320610177
-2.567583266627718,-1.4341542966661305,-0.6519797814163617,-0.07262854998272683,-0.03286550499577778,0,0.029865382704981513,0.030426582903477772,0.024622089778099248,0.025654179758635376,0.02362378639887801,0.021944084066179315,0.023537985977651794,0.017834758662949923,0.018098088224041575,0.012946010915540106,-0.005110409106979897,0.1079396323025638,0.2323766707607421
-2.144630285973929,-1.1532965138739006,-0.49645118173851666,-0.058374160890145056,-0.03136544385037965,-0.029865382704981513,0,0.03098778310197403,0.022000443314658114,0.024250445443186663,0.022063387322352135,0.020359824338418875,0.02248341985643017,0.01611609808551684,0.016627176413924083,0.011066080716713285,-0.008607988288176039,0.11503729135688946,0.24925261143205546
-1.842681356992221,-0.9662450587452462,-0.40335850201120815,-0.0515275664431023,-0.031239556934244444,-0.030426582903477772,-0.03098778310197403,0,0.013013103527342196,0.02088177661379298,0.019088588729144835,0.017702834647530086,0.0207825472073214,0.013637483916107307,0.01457566117277409,0.00857586791855569,-0.013007518442637157,0.123442242182381,0.26909486855297193
-1.613972825309111,-0.8300690651426885,-0.33830093559723046,-0.04382467385995028,-0.02668294358251888,-0.024622089778099248,-0.022000443314658114,-0.013013103527342196,0,0.028750449700243763,0.022126331330046156,0.01926607835425938,0.0227249081273162,0.01376235999386033,0.014836087447012739,0.007941977117300476,-0.016260096188884576,0.1357121464773853,0.2947030450555349
-1.4378370057970147,-0.7299042382123829,-0.29407943761194666,-0.04131230316666586,-0.02709644480606386,-0.025654179758635376,-0.024250445443186663,-0.02088177661379298,-0.028750449700243763,0,0.01550221295984855,0.014523892681267192,0.020716394269673682,0.01001533756726447,0.012053214996366534,0.004473898353476595,-0.02269017417304577,0.149082358574528,0.32425333342834506
-1.2956035265132981,-0.6505262354065457,-0.2592572845304344,-0.03762514742283481,-0.02516407283169464,-0.02362378639887801,-0.022063387322352135,-0.019088588729144835,-0.022126331330046156,-0.01550221295984855,0,0.013545572402685835,0.023323484924586246,0.008186379103069777,0.011190965505496031,0.0022682354322022037,-0.029055572028528154,0.1681652365194822,0.3628472234869071
-1.1790528034123333,-0.5868281691061598,-0.23195598318290678,-0.034615200545316194,-0.023504287056121953,-0.021944084066179315,-0.020359824338418875,-0.017702834647530086,-0.01926607835425938,-0.014523892681267192,-0.013545572402685835,0,0.03310139744648666,0.005506782453261749,0.010406096539766096,-0.0005510988104187042,-0.03757580091477095,0.1939351805389483,0.4127474593560816
-1.0835568529151793,-0.5364893716825532,-0.21207052460926476,-0.034447000201001804,-0.02470392585491754,-0.023537985977651794,-0.02248341985643017,-0.0207825472073214,-0.0227249081273162,-0.020716394269673682,-0.023323484924586246,-0.03310139744648666,0,-0.02208783253996316,-0.0009415539135941842,-0.011768597562720492,-0.055245100505085354,0.2261019371574406,0.47602180300768077
-0.9985072617263223,-0.4899412713306768,-0.19078340123206222,-0.028793516926905304,-0.019504841588819686,-0.017834758662949923,-0.01611609808551684,-0.013637483916107307,-0.01376235999386033,-0.01001533756726447,-0.008186379103069777,-0.005506782453261749,0.02208783253996316,0,0.02020472471277479,-0.006608980074099158,-0.06629752316012609,0.28814937958179154,0.5756437301172095
-0.9286285090824975,-0.4538076908216074,-0.1765685115221216,-0.028012717634711623,-0.019574829901215195,-0.018098088224041575,-0.016627176413924083,-0.01457566117277409,-0.014836087447012739,-0.012053214996366534,-0.011190965505496031,-0.010406096539766096,0.0009415539135941842,-0.02020472471277479,0,-0.033422684860973106,-0.10954864709657652,0.3774642645381305,0.7145034814683182
-0.8644917628195994,-0.4190055211299945,-0.16041534256957585,-0.022893100760071228,-0.014756874013743532,-0.012946010915540106,-0.011066080716713285,-0.00857586791855569,-0.007941977117300476,-0.004473898353476595,-0.0022682354322022037,0.0005510988104187042,0.011768597562720492,0.006608980074099158,0.033422684860973106,0,-0.18567460933217994,0.5829077392376822,0.963812203578082
-0.7988563645601132,-0.3786935124325162,-0.13569463171945045,-0.006849430752974984,0.0019457495984167572,0.005110409106979897,0.008607988288176039,0.013007518442637157,0.016260096188884576,0.02269017417304577,0.029055572028528154,0.03757580091477095,0.055245100505085354,0.06629752316012609,0.10954864709657652,0.18567460933217994,0,1.3514900878075444,1.538555610033213
-0.8313642306334915,-0.43949329839345547,-0.21674766212532337,-0.10289519197115851,-0.10216469943281102,-0.1079396323025638,-0.11503729135688946,-0.123442242182381,-0.1357121464773853,-0.149082358574528,-0.1681652365194822,-0.1939351805389483,-0.2261019371574406,-0.28814937958179154,-0.3774642645381305,-0.5829077392376822,-1.3514900878075444,0,1.7256211322588815
-0.8810451696126799,-0.5151478768561276,-0.31105225400867076,-0.21107692132367337,-0.21812587320610177,-0.2323766707607421,-0.24925261143205546,-0.26909486855297193,-0.2947030450555349,-0.32425333342834506,-0.3628472234869071,-0.4127474593560816,-0.47602180300768077,-0.5756437301172095,-0.7145034814683182,-0.963812203578082,-1.538555610033213,-1.7256211322588815,0
