0,7.1761925616173485,5.40790186794334,4.238324067927718,3.193715089330532,2.569560703767891,2.144340320253871,1.8396337276066215,1.614189085227284,1.4367884166745062,1.294940878660813,1.177585665565578,1.0833647086920166,0.9996893038425922,0.9249995861193174,0.8728125189762852,0.8050291712990036,0.7585899314021575,0.973961616746082
-7.1761925616173485,0,3.639611174269332,2.7693898210829024,1.8662225985682597,1.4179027393055268,1.1379698719811757,0.9502072552715003,0.8196171600287033,0.7193628985566509,0.6414684694434202,0.5777249759604011,0.5294712675169865,0.48498069902802926,0.4441385880040843,0.42257108735906634,0.3802849452777807,0.35748976701370805,0.6091245023418898
-5.40790186794334,-3.639611174269332,0,1.899168467896473,0.9795283107177237,0.6773332609842585,0.5125595464091366,0.412326471471934,0.34961815765526527,0.30218457345483934,0.2667006313401812,0.23751539837051994,0.21845727684175192,0.19819611036972906,0.1778492058153137,0.17510646528904594,0.14747592892124128,0.13868167319666647,0.41971908534642466
-4.238324067927718,-2.7693898210829024,-1.899168467896473,0,0.059888153538974365,0.06641565752815115,0.05035657258002443,0.04061597236579928,0.03970809560702371,0.03602059104790042,0.03349094040356805,0.02980876467977578,0.031711588946782894,0.028098874617054646,0.021365636535208277,0.03143463173842701,0.012730349000069606,0.012932616432394564,0.32108912650975474
-3.193715089330532,-1.8662225985682597,-0.9795283107177237,-0.059888153538974365,0,0.07294316151732794,0.045590782100549454,0.03419191197474092,0.034663081124036044,0.031247078549685624,0.029091404881000333,0.025511709128461697,0.02818951837275896,0.024566732514619122,0.01751338483483167,0.028847947938377253,0.008800531955160876,0.009320652039580733,0.3397463388648105
-2.569560703767891,-1.4179027393055268,-0.6773332609842585,-0.06641565752815115,-0.07294316151732794,0,0.01823840268377097,0.014816287203447409,0.02190305432627208,0.020823057807775047,0.020321053553734814,0.017606467063650655,0.021796140780677677,0.018519678889280522,0.011354520758998751,0.024438426580482186,0.002969383813145689,0.004018776249768467,0.36026966019923223
-2.144340320253871,-1.1379698719811757,-0.5125595464091366,-0.05035657258002443,-0.045590782100549454,-0.01823840268377097,0,0.011394171723123847,0.023735380147522633,0.021684609515776405,0.020841716271225774,0.01748007993962659,0.022389097130162128,0.018559861204353316,0.010494035518402223,0.02512731812456121,0.0014424819260831611,0.002726082937586421,0.38877226499218737
-1.8396337276066215,-0.9502072552715003,-0.412326471471934,-0.04061597236579928,-0.03419191197474092,-0.014816287203447409,-0.011394171723123847,0,0.03607658857192142,0.026829828412102685,0.02399089778725975,0.019001556993752278,0.024588082211569783,0.019754142784558226,0.010365444632013419,0.02684396142474088,0.0003367386153008627,0.0018592740590326784,0.42307936438028404
-1.614189085227284,-0.8196171600287033,-0.34961815765526527,-0.03970809560702371,-0.034663081124036044,-0.02190305432627208,-0.023735380147522633,-0.03607658857192142,0,0.01758306825228395,0.017948052394928915,0.013309879801029231,0.021715955621481875,0.01648965362708559,0.006080253975362086,0.025525014689429377,-0.004130742629276707,-0.0019426497757327372,0.4617796419611203
-1.4367884166745062,-0.7193628985566509,-0.30218457345483934,-0.03602059104790042,-0.031247078549685624,-0.020823057807775047,-0.021684609515776405,-0.026829828412102685,-0.01758306825228395,0,0.01831303653757388,0.01117328557540187,0.02309358474454785,0.016216299970785997,0.0037796911199777126,0.026848672428953613,-0.0072327156123568005,-0.004383364529234823,0.5111348168176577
-1.294940878660813,-0.6414684694434202,-0.2667006313401812,-0.03349094040356805,-0.029091404881000333,-0.020321053553734814,-0.020841716271225774,-0.02399089778725975,-0.017948052394928915,-0.01831303653757388,0,0.004033534613229861,0.025483858848034835,0.015517387781856703,0.00014635476557867122,0.028555799607229558,-0.01149034097067858,-0.007625707538778924,0.5727375393526681
-1.177585665565578,-0.5777249759604011,-0.23751539837051994,-0.02980876467977578,-0.025511709128461697,-0.017606467063650655,-0.01748007993962659,-0.019001556993752278,-0.013309879801029231,-0.01117328557540187,-0.004033534613229861,0,0.04693418308283981,0.021259314366170123,-0.0011493718503050587,0.034686365855729484,-0.01459511608746027,-0.00956891456411372,0.6539809686011593
-1.0833647086920166,-0.5294712675169865,-0.21845727684175192,-0.031711588946782894,-0.02818951837275896,-0.021796140780677677,-0.022389097130162128,-0.024588082211569783,-0.021715955621481875,-0.02309358474454785,-0.025483858848034835,-0.04693418308283981,0,-0.004415554350499562,-0.025191149316877492,0.030603760113359375,-0.02997744088003529,-0.02086953409350443,0.7551554328542126
-0.9996893038425922,-0.48498069902802926,-0.19819611036972906,-0.028098874617054646,-0.024566732514619122,-0.018519678889280522,-0.018559861204353316,-0.019754142784558226,-0.01648965362708559,-0.016216299970785997,-0.015517387781856703,-0.021259314366170123,0.004415554350499562,0,-0.04596674428325542,0.048113417345288845,-0.03849806972321387,-0.024983029029255643,0.907069630295155
-0.9249995861193174,-0.4441385880040843,-0.1778492058153137,-0.021365636535208277,-0.01751338483483167,-0.011354520758998751,-0.010494035518402223,-0.010365444632013419,-0.006080253975362086,-0.0037796911199777126,-0.00014635476557867122,0.0011493718503050587,0.025191149316877492,0.04596674428325542,0,0.1421935789738331,-0.034763732443193085,-0.017988457277922382,1.1453287239397576
-0.8728125189762852,-0.42257108735906634,-0.17510646528904594,-0.03143463173842701,-0.028847947938377253,-0.024438426580482186,-0.02512731812456121,-0.02684396142474088,-0.025525014689429377,-0.026848672428953613,-0.028555799607229558,-0.034686365855729484,-0.030603760113359375,-0.048113417345288845,-0.1421935789738331,0,-0.21172104386021928,-0.09807947540380013,1.4797071055950657
-0.8050291712990036,-0.3802849452777807,-0.14747592892124128,-0.012730349000069606,-0.008800531955160876,-0.002969383813145689,-0.0014424819260831611,-0.0003367386153008627,0.004130742629276707,0.0072327156123568005,0.01149034097067858,0.01459511608746027,0.02997744088003529,0.03849806972321387,0.034763732443193085,0.21172104386021928,0,0.01556209305261902,2.3254211803227083
-0.7585899314021575,-0.35748976701370805,-0.13868167319666647,-0.012932616432394564,-0.009320652039580733,-0.004018776249768467,-0.002726082937586421,-0.0018592740590326784,0.0019426497757327372,0.004383364529234823,0.007625707538778924,0.00956891456411372,0.02086953409350443,0.024983029029255643,0.017988457277922382,0.09807947540380013,-0.01556209305261902,0,4.6352802675927975
-0.973961616746082,-0.6091245023418898,-0.41971908534642466,-0.32108912650975474,-0.3397463388648105,-0.36026966019923223,-0.38877226499218737,-0.42307936438028404,-0.4617796419611203,-0.5111348168176577,-0.5727375393526681,-0.6539809686011593,-0.7551554328542126,-0.907069630295155,-1.1453287239397576,-1.4797071055950657,-2.3254211803227083,-4.6352802675927975,0
