0,-7.176192561617347,-5.40790186794334,-4.17845277856188,-3.108850035681006,-2.3695482699773733,-1.8535858678731907,-1.4850855589839411,-1.2165181501414923,-1.0143964648095602,-0.8588717533434159,-0.7362675652387105,-0.6394408565329258,-0.5601824564640486,-0.4935107664005961,-0.44114991817960736,-0.39241461132128486,-0.3516029482931877,-0.39002739979885925
-7.176192561617347,0,-3.639611174269331,-2.7693898210829015,-1.8695171855010813,-1.3302278535879661,-0.9887181229121914,-0.7620370814720149,-0.6070899397969334,-0.4954808155789184,-0.41263429166567384,-0.3488725169378837,-0.30047386483127264,-0.2611706327058997,-0.22769039031311827,-0.20379081247432757,-0.17863348047187552,-0.15817116659922612,-0.22235742179374618
-5.40790186794334,-3.639611174269331,0,-1.8991684678964735,-0.9795283107177266,-0.6155887502397305,-0.4233307686329403,-0.3095518314724556,-0.2396155778900808,-0.19197276309427602,-0.15816213441911914,-0.13254243619508307,-0.11467677111323342,-0.09978918258663791,-0.08598604907485326,-0.0789157231502738,-0.06705409212403515,-0.057981412560785206,-0.14150602178271116
-4.17845277856188,-2.7693898210829015,-1.8991684678964735,0,-0.059888153538974,-0.06641565752815048,-0.05261523147375447,-0.04161093431274874,-0.03767622858948566,-0.03411813793790605,-0.03131850838305451,-0.028193016339468115,-0.027624102212371635,-0.02585743739018848,-0.02207573915918131,-0.0237500261563082,-0.01807469026831573,-0.014322907010728251,-0.11374540557915327
-3.108850035681006,-1.8695171855010813,-0.9795283107177266,-0.059888153538974,0,-0.07294316151732336,-0.04559078210054919,-0.032596561045642174,-0.03069372233991884,-0.028277103554335478,-0.02634644680768785,-0.023682597147046326,-0.023989573034467204,-0.022596481083428346,-0.01872010250255819,-0.02123271010864277,-0.015071525014447196,-0.01121279632775581,-0.12430630946303348
-2.3695482699773733,-1.3302278535879661,-0.6155887502397305,-0.06641565752815048,-0.07294316151732336,0,-0.018238402683771422,-0.014816287203448322,-0.020852166065955777,-0.021405522275723555,-0.02112184037306536,-0.019189635504989963,-0.020696595774779107,-0.019725700558996292,-0.015648202366837873,-0.01917617501688818,-0.01233088158895127,-0.008300139785154276,-0.13796596287441473
-1.8535858678731907,-0.9887181229121914,-0.4233307686329403,-0.05261523147375447,-0.04559078210054919,-0.018238402683771422,0,-0.011394171723122735,-0.02373538014752511,-0.023123807421391245,-0.022039338699402725,-0.0191572327665223,-0.021104011038670697,-0.019788538202968643,-0.01479096538055969,-0.019195979957875288,-0.011102486826497384,-0.0066046871824761546,-0.1564799373012662
-1.4850855589839411,-0.7620370814720149,-0.3095518314724556,-0.04161093431274874,-0.032596561045642174,-0.014816287203448322,-0.011394171723122735,0,-0.036076588571924056,-0.02682982841210248,-0.023350114833762196,-0.018790856073988397,-0.021508686001031136,-0.019701742365882152,-0.013476475297142129,-0.01915249091017656,-0.009448996962063798,-0.004434050085390586,-0.17965028140682504
-1.2165181501414923,-0.6070899397969334,-0.2396155778900808,-0.03767622858948566,-0.03069372233991884,-0.020852166065955777,-0.02373538014752511,-0.036076588571924056,0,-0.01758306825228394,-0.017948052394929942,-0.013810195474681765,-0.019607421612266498,-0.017831918228323085,-0.010362238893530402,-0.018235817510726525,-0.006579696774021211,-0.0011356205596222313,-0.2088090629441854
-1.0143964648095602,-0.4954808155789184,-0.19197276309427602,-0.03411813793790605,-0.028277103554335478,-0.021405522275723555,-0.023123807421391245,-0.02682982841210248,-0.01758306825228394,0,-0.018313036537575277,-0.011173285575402325,-0.021187579731416786,-0.018069811746236675,-0.008030941460542082,-0.018820198949218436,-0.004103952668714777,0.001999752903260359,-0.2478354526507916
-0.8588717533434159,-0.41263429166567384,-0.15816213441911914,-0.03131850838305451,-0.02634644680768785,-0.02112184037306536,-0.022039338699402725,-0.023350114833762196,-0.017948052394929942,-0.018313036537575277,0,-0.004033534613231293,-0.02548385884803489,-0.018659067311955557,-0.004368946685697641,-0.019975288262213245,-0.0007243746692806162,0.0060603627958300665,-0.3001961350796938
-0.7362675652387105,-0.3488725169378837,-0.13254243619508307,-0.028193016339468115,-0.023682597147046326,-0.019189635504989963,-0.0191572327665223,-0.018790856073988397,-0.013810195474681765,-0.011173285575402325,-0.004033534613231293,0,-0.04693418308283929,-0.021259314366170436,0.001475990100324822,-0.022710862821209023,0.0038688801557004403,0.011279755517990507,-0.3728457150069535
-0.6394408565329258,-0.30047386483127264,-0.11467677111323342,-0.027624102212371635,-0.023989573034467204,-0.020696595774779107,-0.021104011038670697,-0.021508686001031136,-0.019607421612266498,-0.021187579731416786,-0.02548385884803489,-0.04693418308283929,0,0.004415554350502358,0.02519114931687683,-0.022946709673700452,0.014359269234971102,0.020743640024934312,-0.4758359319376932
-0.5601824564640486,-0.2611706327058997,-0.09978918258663791,-0.02585743739018848,-0.022596481083428346,-0.019725700558996292,-0.019788538202968643,-0.019701742365882152,-0.017831918228323085,-0.018069811746236675,-0.018659067311955557,-0.021259314366170436,0.004415554350502358,0,0.04596674428325783,-0.04811341734529152,0.020428904853509795,0.026939169712042868,-0.6372321028004965
-0.4935107664005961,-0.22769039031311827,-0.08598604907485326,-0.02207573915918131,-0.01872010250255819,-0.015648202366837873,-0.01479096538055969,-0.013476475297142129,-0.010362238893530402,-0.008030941460542082,-0.004368946685697641,0.001475990100324822,0.02519114931687683,0.04596674428325783,0,-0.14219357897383147,0.0347637324431901,0.03736171593615223,-0.8966470840710462
-0.44114991817960736,-0.20379081247432757,-0.0789157231502738,-0.0237500261563082,-0.02123271010864277,-0.01917617501688818,-0.019195979957875288,-0.01915249091017656,-0.018235817510726525,-0.018820198949218436,-0.019975288262213245,-0.022710862821209023,-0.022946709673700452,-0.04811341734529152,-0.14219357897383147,0,0.2117210438602185,0.09807947540379995,-1.333292604340823
-0.39241461132128486,-0.17863348047187552,-0.06705409212403515,-0.01807469026831573,-0.015071525014447196,-0.01233088158895127,-0.011102486826497384,-0.009448996962063798,-0.006579696774021211,-0.004103952668714777,-0.0007243746692806162,0.0038688801557004403,0.014359269234971102,0.020428904853509795,0.0347637324431901,0.2117210438602185,0,-0.015562093052619292,-2.325421180322723
-0.3516029482931877,-0.15817116659922612,-0.057981412560785206,-0.014322907010728251,-0.01121279632775581,-0.008300139785154276,-0.0066046871824761546,-0.004434050085390586,-0.0011356205596222313,0.001999752903260359,0.0060603627958300665,0.011279755517990507,0.020743640024934312,0.026939169712042868,0.03736171593615223,0.09807947540379995,-0.015562093052619292,0,-4.6352802675928135
-0.39002739979885925,-0.22235742179374618,-0.14150602178271116,-0.11374540557915327,-0.12430630946303348,-0.13796596287441473,-0.1564799373012662,-0.17965028140682504,-0.2088090629441854,-0.2478354526507916,-0.3001961350796938,-0.3728457150069535,-0.4758359319376932,-0.6372321028004965,-0.8966470840710462,-1.333292604340823,-2.325421180322723,-4.6352802675928135,0
