0,7.08186603842054,5.433583135261186,4.236731470454952,3.202855551310723,2.57042214610419,2.145437060432075,1.8421589867052817,1.6140396014064269,1.4377273202117005,1.2954595669409448,1.1791491032858683,1.0815032246536698,0.9970991282692055,0.9268028750523509,0.8668203523063557,0.8236764040559815,0.7741699102809764,0.7772771325877937
-7.08186603842054,0,3.7853002321018314,2.814164186472158,1.9098520556074503,1.4425611730251025,1.1581512648343824,0.9688744780860717,0.8329215389758392,0.7322099804355954,0.6525255145543231,0.5888774097724011,0.5360156961294087,0.4900352190899277,0.4533364778701825,0.42288851758391394,0.4064637617650109,0.37993890227225363,0.40641896165645575
-5.433583135261186,-3.7853002321018314,0,1.8430281408424847,0.9721279673602599,0.6616481533328594,0.50136402301752,0.40558932728291985,0.3408584234548406,0.29605423019756166,0.26092867486088456,0.23371931840246438,0.21108724253216646,0.1904656724524819,0.17567283168421177,0.1642414626209972,0.16511829959809518,0.15291481361694845,0.19523888225361974
-4.236731470454952,-2.814164186472158,-1.8430281408424847,0,0.10122779387803504,0.07095815957804685,0.05414265040919849,0.04622962389302865,0.04042447997731173,0.03822524509007449,0.034914465434941686,0.03255571559746184,0.029760476053242217,0.025209425613481606,0.02409507630618696,0.024342572769206594,0.03604831181006523,0.03219243310083871,0.08538626501436207
-3.202855551310723,-1.9098520556074503,-0.9721279673602599,-0.10122779387803504,0,0.04068852527805866,0.030600078674780207,0.027896900564693183,0.025223651502130906,0.025624735332482374,0.023862244027759456,0.0227454187002371,0.020827061325143115,0.016762940250753446,0.016381804549002156,0.017353007213858553,0.03061668830440108,0.026882020733362075,0.08425472723838544
-2.57042214610419,-1.4425611730251025,-0.6616481533328594,-0.07095815957804685,-0.04068852527805866,0,0.02051163207150175,0.021501088208010444,0.020068693576821655,0.0218587878460883,0.020496987777699614,0.01975490093726684,0.017989709331869465,0.013772242122340295,0.01368105780132921,0.015019455407438542,0.0297010667613413,0.025731478687970693,0.08760597354302596
-2.145437060432075,-1.1581512648343824,-0.50136402301752,-0.05414265040919849,-0.030600078674780207,-0.02051163207150175,0,0.022490544344519137,0.019847224329481605,0.022307839770950483,0.020493326704249082,0.019603554710419857,0.017569388875264085,0.012809472129602944,0.012827236017557642,0.014409213555875964,0.030620010230325255,0.02620601019855878,0.09319716866565297
-1.8421589867052817,-0.9688744780860717,-0.40558932728291985,-0.04622962389302865,-0.027896900564693183,-0.021501088208010444,-0.022490544344519137,0,0.017203904314444074,0.02221648748416616,0.01982758749082573,0.018881807301895037,0.016585157781413073,0.011195960093783578,0.011446763399420285,0.013399047207295567,0.031523284217637046,0.02657755678396274,0.09962504360393787
-1.6140396014064269,-0.8329215389758392,-0.3408584234548406,-0.04042447997731173,-0.025223651502130906,-0.020068693576821655,-0.019847224329481605,-0.017203904314444074,0,0.027229070653888243,0.02113942907901656,0.019441108297712024,0.016430471148155323,0.009994371249651478,0.010487239913582988,0.012855496191988638,0.03331320670553617,0.02761907372502037,0.10786715753288725
-1.4377273202117005,-0.7322099804355954,-0.29605423019756166,-0.03822524509007449,-0.025624735332482374,-0.0218587878460883,-0.022307839770950483,-0.02221648748416616,-0.027229070653888243,0,0.015049787504144874,0.015547127119623916,0.012830937979577683,0.005685696398592288,0.007138873765521936,0.010459900448338702,0.03418236899862873,0.027667824108911887,0.11682694496388714
-1.2954595669409448,-0.6525255145543231,-0.26092867486088456,-0.034914465434941686,-0.023862244027759456,-0.020496987777699614,-0.020493326704249082,-0.01982758749082573,-0.02113942907901656,-0.015049787504144874,0,0.016044466735102958,0.011721513217294088,0.002564332696741426,0.005161145330866201,0.009541923037177468,0.03737113258104271,0.029470400766735745,0.12954908964635492
-1.1791491032858683,-0.5888774097724011,-0.23371931840246438,-0.03255571559746184,-0.0227454187002371,-0.01975490093726684,-0.019603554710419857,-0.018881807301895037,-0.019441108297712024,-0.015547127119623916,-0.016044466735102958,0,0.007398559699485219,-0.0041757343224393395,0.0015333715294539492,0.007916287112696097,0.04163646575023065,0.031708056438674546,0.14576403577653377
-1.0815032246536698,-0.5360156961294087,-0.21108724253216646,-0.029760476053242217,-0.020827061325143115,-0.017989709331869465,-0.017569388875264085,-0.016585157781413073,-0.016430471148155323,-0.012830937979577683,-0.011721513217294088,-0.007398559699485219,0,-0.015750028344363898,-0.0013992225555616855,0.008088862917099723,0.050195942262917015,0.03656995578651241,0.16882494845604187
-0.9970991282692055,-0.4900352190899277,-0.1904656724524819,-0.025209425613481606,-0.016762940250753446,-0.013772242122340295,-0.012809472129602944,-0.011195960093783578,-0.009994371249651478,-0.005685696398592288,-0.002564332696741426,0.0041757343224393395,0.015750028344363898,0,0.012951583233240527,0.020008308547831533,0.07217793246534399,0.049649951819231486,0.205739943816123
-0.9268028750523509,-0.4533364778701825,-0.17567283168421177,-0.02409507630618696,-0.016381804549002156,-0.01368105780132921,-0.012827236017557642,-0.011446763399420285,-0.010487239913582988,-0.007138873765521936,-0.005161145330866201,-0.0015333715294539492,0.0013992225555616855,-0.012951583233240527,0,0.02706503386242254,0.10179110708139572,0.06188274134789514,0.25393703396184364
-0.8668203523063557,-0.42288851758391394,-0.1642414626209972,-0.024342572769206594,-0.017353007213858553,-0.015019455407438542,-0.014409213555875964,-0.013399047207295567,-0.012855496191988638,-0.010459900448338702,-0.009541923037177468,-0.007916287112696097,-0.008088862917099723,-0.020008308547831533,-0.02706503386242254,0,0.1765171803003689,0.07929159509063144,0.329561033994984
-0.8236764040559815,-0.4064637617650109,-0.16511829959809518,-0.03604831181006523,-0.03061668830440108,-0.0297010667613413,-0.030620010230325255,-0.031523284217637046,-0.03331320670553617,-0.03418236899862873,-0.03737113258104271,-0.04163646575023065,-0.050195942262917015,-0.07217793246534399,-0.10179110708139572,-0.1765171803003689,0,-0.017933990119106014,0.40608296084229156
-0.7741699102809764,-0.37993890227225363,-0.15291481361694845,-0.03219243310083871,-0.026882020733362075,-0.025731478687970693,-0.02620601019855878,-0.02657755678396274,-0.02761907372502037,-0.027667824108911887,-0.029470400766735745,-0.031708056438674546,-0.03656995578651241,-0.049649951819231486,-0.06188274134789514,-0.07929159509063144,0.017933990119106014,0,0.8300999118036891
-0.7772771325877937,-0.40641896165645575,-0.19523888225361974,-0.08538626501436207,-0.08425472723838544,-0.08760597354302596,-0.09319716866565297,-0.09962504360393787,-0.10786715753288725,-0.11682694496388714,-0.12954908964635492,-0.14576403577653377,-0.16882494845604187,-0.205739943816123,-0.25393703396184364,-0.329561033994984,-0.40608296084229156,-0.8300999118036891,0
