0,-7.081866038420539,-5.433583135261186,-4.19158834661964,-3.1251172783430103,-2.3797785798261217,-1.8608075859535251,-1.4913765850391916,-1.2206972725641871,-1.017798629745441,-0.8615471499242474,-0.7388827314432076,-0.6406300332927861,-0.560117478408602,-0.49410517035449875,-0.4396328141603837,-0.39709069453971657,-0.3599554406890931,-0.3407977506346672
-7.081866038420539,0,-3.785300232101832,-2.814164186472157,-1.903169664130954,-1.348474531892134,-1.0002812227066673,-0.7711631824587704,-0.6128673925101183,-0.499953469076999,-0.4160207254252555,-0.3520584898565701,-0.30190104894551756,-0.26111409859411633,-0.22838622936292527,-0.20208008447513734,-0.18391429111254248,-0.16748976074151356,-0.16758851400854927
-5.433583135261186,-3.785300232101832,0,-1.8430281408424847,-0.9721279673602641,-0.6056061173873778,-0.4152828503296248,-0.3047915874581109,-0.2345174560957477,-0.18796253590794124,-0.15470938992671215,-0.1302169743439987,-0.11127481972413142,-0.095461082517727,-0.08318323587810478,-0.07386235507560748,-0.07037015318460457,-0.06608557375818941,-0.0781258494076193
-4.19158834661964,-2.814164186472157,-1.8430281408424847,0,-0.10122779387803585,-0.07095815957804744,-0.05279723789608355,-0.0431037148493786,-0.03663416390247183,-0.03331592143051369,-0.030411142573335166,-0.028097800717434562,-0.025791049898907546,-0.022644591350470845,-0.020456518798787102,-0.01935192050041648,-0.023148037564296464,-0.024588462963733695,-0.04332091191865093
-3.1251172783430103,-1.903169664130954,-0.9721279673602641,-0.10122779387803585,0,-0.040688525278056574,-0.030600078674780342,-0.02715837371537206,-0.024479138843306027,-0.02410649056708549,-0.023003040854548375,-0.02196338896436992,-0.020507229464627942,-0.017788243293360616,-0.01608531174266355,-0.01552514823725136,-0.020494017505293054,-0.022519363684506376,-0.04402535240397548
-2.3797785798261217,-1.348474531892134,-0.6056061173873778,-0.07095815957804744,-0.040688525278056574,0,-0.02051163207150283,-0.02150108820801338,-0.02031087865358895,-0.02145647514276575,-0.020868547334157182,-0.02014170733832531,-0.018776928370159637,-0.015838234404046997,-0.014184718321072926,-0.013868269345876006,-0.01994142997381998,-0.022363381339293564,-0.046963937353717074
-1.8608075859535251,-1.0002812227066673,-0.4152828503296248,-0.05279723789608355,-0.030600078674780342,-0.02051163207150283,0,-0.02249054434451849,-0.019847224329482598,-0.021797446225301033,-0.02083795886023299,-0.019879035023765847,-0.018199368440283276,-0.014670390965111784,-0.012908947627906989,-0.012784362996304005,-0.02015880852925054,-0.022948188696397684,-0.05124347527348625
-1.4913765850391916,-0.7711631824587704,-0.3047915874581109,-0.0431037148493786,-0.02715837371537206,-0.02150108820801338,-0.02249054434451849,0,-0.017203904314443918,-0.022216487484165343,-0.020567735807132004,-0.019333331657320176,-0.017275677334826132,-0.013002332325449667,-0.011217542813859277,-0.011441140445021276,-0.020559119594813952,-0.023782875962249643,-0.056654929091209914
-1.2206972725641871,-0.6128673925101183,-0.2345174560957477,-0.03663416390247183,-0.024479138843306027,-0.02031087865358895,-0.019847224329482598,-0.017203904314443918,0,-0.027229070653890724,-0.021139429079016645,-0.019001976218354234,-0.01625380234244949,-0.010896633994073729,-0.00920353271670751,-0.009986532279948144,-0.021453975277488862,-0.025143511781876658,-0.06374491351253404
-1.017798629745441,-0.499953469076999,-0.18796253590794124,-0.03331592143051369,-0.02410649056708549,-0.02145647514276575,-0.021797446225301033,-0.022216487484165343,-0.027229070653890724,0,-0.01504978750414391,-0.0155471271196263,-0.01315229085513098,-0.006892859762333247,-0.0059699828030916795,-0.007900567931147455,-0.02275636276527337,-0.02697637682890679,-0.07293148589628971
-0.8615471499242474,-0.4160207254252555,-0.15470938992671215,-0.030411142573335166,-0.023003040854548375,-0.020868547334157182,-0.02083795886023299,-0.020567735807132004,-0.021139429079016645,-0.01504978750414391,0,-0.01604446673510231,-0.011721513217293679,-0.0030477553970166033,-0.003293769400205105,-0.006759954038575555,-0.0261861513660435,-0.030603721795392447,-0.0859650006629747
-0.7388827314432076,-0.3520584898565701,-0.1302169743439987,-0.028097800717434562,-0.02196338896436992,-0.02014170733832531,-0.019879035023765847,-0.019333331657320176,-0.019001976218354234,-0.0155471271196263,-0.01604446673510231,0,-0.007398559699483679,0.004175734322439872,0.00019496845792788098,-0.0060531851790445535,-0.03219037123551167,-0.03615461325339827,-0.10396848897337485
-0.6406300332927861,-0.30190104894551756,-0.11127481972413142,-0.025791049898907546,-0.020507229464627942,-0.018776928370159637,-0.018199368440283276,-0.017275677334826132,-0.01625380234244949,-0.01315229085513098,-0.011721513217293679,-0.007398559699483679,0,0.015750028344363103,0.0013992225555575068,-0.008575134948714576,-0.04415841551989866,-0.045454723448952954,-0.12998681789019306
-0.560117478408602,-0.26111409859411633,-0.095461082517727,-0.022644591350470845,-0.017788243293360616,-0.015838234404046997,-0.014670390965111784,-0.013002332325449667,-0.010896633994073729,-0.006892859762333247,-0.0030477553970166033,0.004175734322439872,0.015750028344363103,0,-0.012951583233240742,-0.020008308547834256,-0.06766664260505147,-0.0600781828716656,-0.1679131556524143
-0.49410517035449875,-0.22838622936292527,-0.08318323587810478,-0.020456518798787102,-0.01608531174266355,-0.014184718321072926,-0.012908947627906989,-0.011217542813859277,-0.00920353271670751,-0.0059699828030916795,-0.003293769400205105,0.00019496845792788098,0.0013992225555575068,-0.012951583233240742,0,-0.027065033862420235,-0.1017911070813955,-0.07334618524314164,-0.21900794618760047
-0.4396328141603837,-0.20208008447513734,-0.07386235507560748,-0.01935192050041648,-0.01552514823725136,-0.013868269345876006,-0.012784362996304005,-0.011441140445021276,-0.009986532279948144,-0.007900567931147455,-0.006759954038575555,-0.0060531851790445535,-0.008575134948714576,-0.020008308547834256,-0.027065033862420235,0,-0.17651718030036767,-0.07929159509063122,-0.2948115315835742
-0.39709069453971657,-0.18391429111254248,-0.07037015318460457,-0.023148037564296464,-0.020494017505293054,-0.01994142997381998,-0.02015880852925054,-0.020559119594813952,-0.021453975277488862,-0.02275636276527337,-0.0261861513660435,-0.03219037123551167,-0.04415841551989866,-0.06766664260505147,-0.1017911070813955,-0.17651718030036767,0,0.01793399011910631,-0.4060829608422936
-0.3599554406890931,-0.16748976074151356,-0.06608557375818941,-0.024588462963733695,-0.022519363684506376,-0.022363381339293564,-0.022948188696397684,-0.023782875962249643,-0.025143511781876658,-0.02697637682890679,-0.030603721795392447,-0.03615461325339827,-0.045454723448952954,-0.0600781828716656,-0.07334618524314164,-0.07929159509063122,0.01793399011910631,0,-0.8300999118036898
-0.3407977506346672,-0.16758851400854927,-0.0781258494076193,-0.04332091191865093,-0.04402535240397548,-0.046963937353717074,-0.05124347527348625,-0.056654929091209914,-0.06374491351253404,-0.07293148589628971,-0.0859650006629747,-0.10396848897337485,-0.12998681789019306,-0.1679131556524143,-0.21900794618760047,-0.2948115315835742,-0.4060829608422936,-0.8300999118036898,0
