0,1.7634441582480085,1.7540973959283548,1.7382372608977466,1.5491593032752389,1.3064124658415286,1.2432338162113972
-1.7634441582480085,0,1.744750633608701,1.7256338122226156,1.4777310182843157,1.1921545427399087,1.139191747804075
-1.7540973959283548,-1.744750633608701,0,1.7065169908365299,1.344221210622123,1.0079558457836446,0.9878020263529184
-1.7382372608977466,-1.7256338122226156,-1.7065169908365299,0,0.9819254304077161,0.6586752732572019,0.7482303715250479
-1.5491593032752389,-1.4777310182843157,-1.344221210622123,-0.9819254304077161,0,0.3354251161066877,0.6313828420837138
-1.3064124658415286,-1.1921545427399087,-1.0079558457836446,-0.6586752732572019,-0.3354251161066877,0,0.9273405680607398
-1.2432338162113972,-1.139191747804075,-0.9878020263529184,-0.7482303715250479,-0.6313828420837138,-0.9273405680607398,0
