0,1.8202247895389385,1.8674798467243652,1.820059229815116,1.4458363243732217,1.1882049900699825,1.0121847560247488
-1.8202247895389385,0,1.9147349039097918,1.8199764499532045,1.3210401693179827,1.0302000402027434,0.8505767493219107
-1.8674798467243652,-1.9147349039097918,0,1.7252179959966174,1.0241928020220783,0.7353550856337273,0.5845372106749405
-1.820059229815116,-1.8199764499532045,-1.7252179959966174,0,0.3231676080475392,0.2404236304522822,0.2043102822343815
-1.4458363243732217,-1.3210401693179827,-1.0241928020220783,-0.3231676080475392,0,0.15767965285702523,0.14488161932780264
-1.1882049900699825,-1.0302000402027434,-0.7353550856337273,-0.2404236304522822,-0.15767965285702523,0,0.13208358579858004
-1.0121847560247488,-0.8505767493219107,-0.5845372106749405,-0.2043102822343815,-0.14488161932780264,-0.13208358579858004,0
