0,0.9987448724942215,0.992498702330558,0.9816816462409516,0.967368369987283,0.947942780072245,0.9247300012022518
-0.9987448724942215,0,0.9862525321668946,0.9731500331143166,0.9569095358183035,0.9352422569667508,0.9099270269438579
-0.992498702330558,-0.9862525321668946,0,0.9600475340617387,0.942238037644008,0.9182388319000362,0.8908456506380986
-0.9816816462409516,-0.9731500331143166,-0.9600475340617387,0,0.9244285412262774,0.897334480819185,0.8677783561635519
-0.967368369987283,-0.9569095358183035,-0.942238037644008,-0.9244285412262774,0,0.8702404204120926,0.8394532636321892
-0.947942780072245,-0.9352422569667508,-0.9182388319000362,-0.897334480819185,-0.8702404204120926,0,0.8086661068522858
-0.9247300012022518,-0.9099270269438579,-0.8908456506380986,-0.8677783561635519,-0.8394532636321892,-0.8086661068522858,0
