0,1.0529810897319598,1.0655017013272399,1.084019165929249,1.113000482859924,1.1642647079179722,1.3391278403619908
-1.0529810897319598,0,1.07802231292252,1.0995382040278936,1.133006947235912,1.1920856124644754,1.396357190487997
-1.0655017013272399,-1.07802231292252,0,1.1210540951332675,1.1604992643926082,1.230106712311794,1.475940909879366
-1.084019165929249,-1.0995382040278936,-1.1210540951332675,0,1.199944433651949,1.284633020901057,1.5942365147947324
-1.113000482859924,-1.133006947235912,-1.1604992643926082,-1.199944433651949,0,1.3693216081501651,1.7913825553661242
-1.1642647079179722,-1.1920856124644754,-1.230106712311794,-1.284633020901057,-1.3693216081501651,0,2.2134435025820833
-1.3391278403619908,-1.396357190487997,-1.475940909879366,-1.5942365147947324,-1.7913825553661242,-2.2134435025820833,0
