0,4.545403707958008,4.501455447944847,3.7082591452315614,3.0155190507644716,2.3103609806062293,1.6213136383151507
-4.545403707958008,0,4.457507187931687,3.289686863868338,2.5055574983666262,1.7516002987682844,1.0364956243865793
-4.501455447944847,-4.457507187931687,0,2.121866539804989,1.5295826535840957,0.8496313357138169,0.1812427335003024
-3.7082591452315614,-3.289686863868338,-2.121866539804989,0,0.9372987673632025,0.2135137336682309,-0.46563186860125977
-3.0155190507644716,-2.5055574983666262,-1.5295826535840957,-0.9372987673632025,0,-0.5102713000267407,-1.167097186583491
-2.3103609806062293,-1.7516002987682844,-0.8496313357138169,-0.2135137336682309,0.5102713000267407,0,-1.8239230731402412
-1.6213136383151507,-1.0364956243865793,-0.1812427335003024,0.46563186860125977,1.167097186583491,1.8239230731402412,0
