0,4.591667058286854,4.485053182355856,3.772126299470845,2.9209766915537307,2.7420860163027534,2.0782702685799035
-4.591667058286854,0,4.378439306424859,3.362355920062841,2.3640799026426897,2.2796907558067283,1.5755909106385135
-4.485053182355856,-4.378439306424859,0,2.346272533700823,1.3569002007516051,1.5801079056006848,0.8748788116919273
-3.772126299470845,-3.362355920062841,-2.346272533700823,0,0.3675278678023872,1.1970255915506156,0.38441423768896205
-2.9209766915537307,-2.3640799026426897,-1.3569002007516051,-0.3675278678023872,0,2.026523315298844,0.39285742263224943
-2.7420860163027534,-2.2796907558067283,-1.5801079056006848,-1.1970255915506156,-2.026523315298844,0,-1.2408084700343451
-2.0782702685799035,-1.5755909106385135,-0.8748788116919273,-0.38441423768896205,-0.39285742263224943,1.2408084700343451,0
