0,0.20096384953872004,0.19946147736853317,0.19865630950259053,0.19807059326846171,0.19700779808482954,0.19446543886694204
-0.20096384953872004,0,0.1979591051983463,0.19750253948452579,0.19710617451170895,0.1960187852213569,0.19316575673258646
-0.19946147736853317,-0.1979591051983463,0,0.19704597377070526,0.19667970916839025,0.19537201189569378,0.1919674196161465
-0.19865630950259053,-0.19750253948452579,-0.19704597377070526,0,0.19631344456607525,0.19453503095818803,0.19027456823129354
-0.19807059326846171,-0.19710617451170895,-0.19667970916839025,-0.19631344456607525,0,0.1927566173503008,0.1872551300639027
-0.19700779808482954,-0.1960187852213569,-0.19537201189569378,-0.19453503095818803,-0.1927566173503008,0,0.1817536427775046
-0.19446543886694204,-0.19316575673258646,-0.1919674196161465,-0.19027456823129354,-0.1872551300639027,-0.1817536427775046,0
