0,1.3866856891453823,1.3922417780165983,1.39806637671148,1.4067477064109715,1.415430558435761,1.3898330786076203
-1.3866856891453823,0,1.3977978668878144,1.403756720494529,1.413435045499501,1.4226167757583557,1.390462556500068
-1.3922417780165983,-1.3977978668878144,0,1.4097155741012437,1.4212536348053446,1.4308897453818694,1.3886287289031314
-1.39806637671148,-1.403756720494529,-1.4097155741012437,0,1.4327916955094455,1.4414768310221824,1.3815997805037605
-1.4067477064109715,-1.413435045499501,-1.4212536348053446,-1.4327916955094455,0,1.4501619665349192,1.356003823000918
-1.415430558435761,-1.4226167757583557,-1.4308897453818694,-1.4414768310221824,-1.4501619665349192,0,1.2618456794669166
-1.3898330786076203,-1.390462556500068,-1.3886287289031314,-1.3815997805037605,-1.356003823000918,-1.2618456794669166,0
