0,1.3877047723490272,1.389452910070467,1.391403760860771,1.395561590652499,1.4079394461350996,1.4486291960193363
-1.3877047723490272,0,1.3912010477919066,1.3932532551166428,1.3981805300869894,1.4129981145816175,1.4608140807533982
-1.389452910070467,-1.3912010477919066,0,1.395305462441379,1.401670271234531,1.4202638035115214,1.478217338993771
-1.391403760860771,-1.3932532551166428,-1.395305462441379,0,1.408035080027683,1.4327429740465925,1.5058546311779015
-1.395561590652499,-1.3981805300869894,-1.401670271234531,-1.408035080027683,0,1.4574508680655018,1.5547644067530109
-1.4079394461350996,-1.4129981145816175,-1.4202638035115214,-1.4327429740465925,-1.4574508680655018,0,1.65207794544052
-1.4486291960193363,-1.4608140807533982,-1.478217338993771,-1.5058546311779015,-1.5547644067530109,-1.65207794544052,0
