0,1.3935644155066433,1.3915839614099692,1.3910153045720695,1.3900644459461975,1.3846992101587716,1.3771411901545072
-1.3935644155066433,0,1.389603507313295,1.3897407491047826,1.3888977894260488,1.3824829088218036,1.3738565450840798
-1.3915839614099692,-1.389603507313295,0,1.3898779908962702,1.3885449304824258,1.3801093759913066,1.3699198045267762
-1.3910153045720695,-1.3897407491047826,-1.3898779908962702,0,1.3872118700685814,1.3752250685388248,1.363267075736945
-1.3900644459461975,-1.3888977894260488,-1.3885449304824258,-1.3872118700685814,0,1.3632382670090681,1.3512946785711266
-1.3846992101587716,-1.3824829088218036,-1.3801093759913066,-1.3752250685388248,-1.3632382670090681,0,1.339351090133185
-1.3771411901545072,-1.3738565450840798,-1.3699198045267762,-1.363267075736945,-1.3512946785711266,-1.339351090133185,0
