0,2.399223627804692,2.40830281111221,2.4372025960091244,2.3080762937726775,2.0593001022910107,1.943115232543849
-2.399223627804692,0,2.4173819944197277,2.4561920801113404,2.2776938490953396,1.9743192209125906,1.8518935534916807
-2.40830281111221,-2.4173819944197277,0,2.495002165802953,2.2078497764331453,1.826631629743545,1.7105214432596687
-2.4372025960091244,-2.4561920801113404,-2.495002165802953,0,1.9206973870633375,1.4924463617138408,1.4490278690785738
-2.3080762937726775,-2.2776938490953396,-2.2078497764331453,-1.9206973870633375,0,1.0641953363643442,1.2131931100861921
-2.0593001022910107,-1.9743192209125906,-1.826631629743545,-1.4924463617138408,-1.0641953363643442,0,1.36219088380804
-1.943115232543849,-1.8518935534916807,-1.7105214432596687,-1.4490278690785738,-1.2131931100861921,-1.36219088380804,0
