0,14.621299513141732,6.747833526817065,4.626003754508599,3.613846360912636,2.872437121258131,2.3551931213919013
-14.621299513141732,0,-1.125632459507603,-0.37164412480796827,-0.055304689830396235,-0.06477847671276926,-0.09802815695806473
-6.747833526817065,1.125632459507603,0,0.3823442098916665,0.4798591950082072,0.28883951755217535,0.15887291867931985
-4.626003754508599,0.37164412480796827,-0.3823442098916665,0,0.5773741801247478,0.24208717138242974,0.0843824882752043
-3.613846360912636,0.055304689830396235,-0.4798591950082072,-0.5773741801247478,0,-0.09319983735988835,-0.16211335764956747
-2.872437121258131,0.06477847671276926,-0.28883951755217535,-0.24208717138242974,0.09319983735988835,0,-0.2310268779392466
-2.3551931213919013,0.09802815695806473,-0.15887291867931985,-0.0843824882752043,0.16211335764956747,0.2310268779392466,0
