0,14.005409551153587,6.9403080688134615,4.510343201209467,3.4924275764155017,2.768166767209799,2.354413393940844
-14.005409551153587,0,-0.12479341352666395,-0.2371899737625931,-0.011899748497193366,-0.04114392877614792,0.024214162498295267
-6.9403080688134615,0.12479341352666395,0,-0.34958653399852224,0.04454708401754193,-0.013260767192642575,0.06146605650453507
-4.510343201209467,0.2371899737625931,0.34958653399852224,0,0.4386807020336061,0.15490211621029726,0.19848358667222085
-3.4924275764155017,0.011899748497193366,-0.04454708401754193,-0.4386807020336061,0,-0.12887646961301158,0.07838502899152822
-2.768166767209799,0.04114392877614792,0.013260767192642575,-0.15490211621029726,0.12887646961301158,0,0.285646527596068
-2.354413393940844,-0.024214162498295267,-0.06146605650453507,-0.19848358667222085,-0.07838502899152822,-0.285646527596068,0
