0,15.114057812809712,7.1551150693697,4.566016569179104,3.489804588748666,2.860219475373328,2.208027075975965
-15.114057812809712,0,-0.8038276740703125,-0.7080040526362001,-0.38494648593834907,-0.20324010898576805,-0.3731790713907845
-7.1551150693697,0.8038276740703125,0,-0.6121804312020878,-0.17550589187236731,-0.0030442539575865624,-0.2655169207209025
-4.566016569179104,0.7080040526362001,0.6121804312020878,0,0.26116864745735313,0.30152383466466404,-0.14996241722717407
-3.489804588748666,0.38494648593834907,0.17550589187236731,-0.26116864745735313,0,0.34187902187197494,-0.3555279495694377
-2.860219475373328,0.20324010898576805,0.0030442539575865624,-0.30152383466466404,-0.34187902187197494,0,-1.0529349210108503
-2.208027075975965,0.3731790713907845,0.2655169207209025,0.14996241722717407,0.3555279495694377,1.0529349210108503,0
