0,14.740403180246195,6.893721417232931,4.678450024540256,3.427702965315077,2.7320329185550536,2.3984791171446393
-14.740403180246195,0,-0.9529603457803333,-0.352526553312714,-0.34319710632862943,-0.2700596468677321,-0.06990569547567205
-6.893721417232931,0.9529603457803333,0,0.2479072391549053,-0.038315486602777504,-0.0424260805635317,0.15085796710049326
-4.678450024540256,0.352526553312714,-0.2479072391549053,0,-0.3245382123604603,-0.1875927404227502,0.11850820974902258
-3.427702965315077,0.34319710632862943,0.038315486602777504,0.3245382123604603,0,-0.05064726848504009,0.34003142080376403
-2.7320329185550536,0.2700596468677321,0.0424260805635317,0.1875927404227502,0.05064726848504009,0,0.7307101100925681
-2.3984791171446393,0.06990569547567205,-0.15085796710049326,-0.11850820974902258,-0.34003142080376403,-0.7307101100925681,0
