0,2.4187648895253715,2.432665067539086,2.4729869916554743,2.1832492693567653,1.5915497693495602,1.314160737637618
-2.4187648895253715,0,2.4465652455528004,2.500098042720526,2.1047440626338965,1.3847459893056073,1.0932399072600674
-2.432665067539086,-2.4465652455528004,0,2.5536308398882515,1.9338334711744447,1.0308062372232094,0.7549085726868843
-2.4729869916554743,-2.500098042720526,-2.5536308398882515,0,1.314036102460638,0.2693939358906885,0.15533448361976188
-2.1832492693567653,-2.1047440626338965,-1.9338334711744447,-1.314036102460638,0,-0.775248230679261,-0.42401632580067616
-1.5915497693495602,-1.3847459893056073,-1.0308062372232094,-0.2693939358906885,0.775248230679261,0,-0.07278442092209136
-1.314160737637618,-1.0932399072600674,-0.7549085726868843,-0.15533448361976188,0.42401632580067616,0.07278442092209136,0
