0,2.4029192987749597,2.386910882073309,2.312246428816618,2.1732360951069616,1.9861580470128275,1.6636108889333585
-2.4029192987749597,0,2.370902465371658,2.266909993837447,2.096675027217629,1.8819677340722945,1.5157492069650385
-2.386910882073309,-2.370902465371658,0,2.1629175223032355,1.9595613081406142,1.7189894903058398,1.3019608923633834
-2.312246428816618,-2.266909993837447,-2.1629175223032355,0,1.756205093977993,1.4970254743071418,1.0149753490500995
-2.1732360951069616,-2.096675027217629,-1.9595613081406142,-1.756205093977993,0,1.2378458546362907,0.6443604765861526
-1.9861580470128275,-1.8819677340722945,-1.7189894903058398,-1.4970254743071418,-1.2378458546362907,0,0.05087509853601446
-1.6636108889333585,-1.5157492069650385,-1.3019608923633834,-1.0149753490500995,-0.6443604765861526,-0.05087509853601446,0
