0,2.4097866356358715,2.426655627352377,2.3277185927990467,2.1804032821830863,1.8457144467141973,1.6012070415706432
-2.4097866356358715,0,2.4435246190688824,2.286684571380634,2.1039421643654914,1.7046963994837787,1.4394911227575975
-2.426655627352377,-2.4435246190688824,0,2.1298445236923857,1.9341509370137957,1.458420326288744,1.1884827486797762
-2.3277185927990467,-2.286684571380634,-2.1298445236923857,0,1.7384573503352057,1.1227082275869233,0.8746954903422397
-2.1804032821830863,-2.1039421643654914,-1.9341509370137957,-1.7384573503352057,0,0.506959104838641,0.4428145603457567
-1.8457144467141973,-1.7046963994837787,-1.458420326288744,-1.1227082275869233,-0.506959104838641,0,0.3786700158528724
-1.6012070415706432,-1.4394911227575975,-1.1884827486797762,-0.8746954903422397,-0.4428145603457567,-0.3786700158528724,0
