0,2.4700624126630584,2.4682255338535524,2.3976712081227154,2.2302349442576093,1.9538612742140216,1.6354250929240044
-2.4700624126630584,0,2.4663886550440464,2.3614756058525437,2.1502924547891262,1.8248109896017626,1.4684976289761937
-2.4682255338535524,-2.4663886550440464,0,2.2565625566610414,1.9922443546616662,1.610951767787668,1.2190248724592305
-2.3976712081227154,-2.3614756058525437,-2.2565625566610414,0,1.7279261526622909,1.288146373350981,0.8731789777252935
-2.2302349442576093,-2.1502924547891262,-1.9922443546616662,-1.7279261526622909,0,0.8483665940396712,0.4458053902567949
-1.9538612742140216,-1.8248109896017626,-1.610951767787668,-1.288146373350981,-0.8483665940396712,0,0.04324418647391859
-1.6354250929240044,-1.4684976289761937,-1.2190248724592305,-0.8731789777252935,-0.4458053902567949,-0.04324418647391859,0
