0,0.7135906172041856,0.7137564837067658,0.7141726771413709,0.7148547824606123,0.7156539625641766,0.7155814711498961
-0.7135906172041856,0,0.713922350209346,0.7144637071099635,0.7152761708794212,0.7161697989041743,0.7159796419390382
-0.7137564837067658,-0.713922350209346,0,0.715005064010581,0.7159530812144588,0.7169189484691171,0.7164939648714612
-0.7141726771413709,-0.7144637071099635,-0.715005064010581,0,0.7169010984183366,0.7178758906983851,0.7169902651584213
-0.7148547824606123,-0.7152761708794212,-0.7159530812144588,-0.7169010984183366,0,0.7188506829784336,0.7170348485284637
-0.7156539625641766,-0.7161697989041743,-0.7169189484691171,-0.7178758906983851,-0.7188506829784336,0,0.7152190140784938
-0.7155814711498961,-0.7159796419390382,-0.7164939648714612,-0.7169902651584213,-0.7170348485284637,-0.7152190140784938,0
