0,0.7143004920823168,0.7141171790610408,0.7141148341264495,0.7144236161549674,0.7152764451266569,0.7178079944171042
-0.7143004920823168,0,0.7139338660397647,0.7140220051485158,0.7144646575125176,0.7155204333877418,0.7185094948840616
-0.7141171790610408,-0.7139338660397647,0,0.7141101442572668,0.714730053248894,0.7160492891704009,0.7196534020951358
-0.7141148341264495,-0.7140220051485158,-0.7141101442572668,0,0.7153499622405213,0.7170188616269679,0.7215011547077589
-0.7144236161549674,-0.7144646575125176,-0.714730053248894,-0.7153499622405213,0,0.7186877610134146,0.7245767509413776
-0.7152764451266569,-0.7155204333877418,-0.7160492891704009,-0.7170188616269679,-0.7186877610134146,0,0.7304657408693407
-0.7178079944171042,-0.7185094948840616,-0.7196534020951358,-0.7215011547077589,-0.7245767509413776,-0.7304657408693407,0
