0,0.7126376371080037,0.7123020742688403,0.7123331435136985,0.71261842385432,0.712996578818098,0.7132110857379063
-0.7126376371080037,0,0.7119665114296769,0.7121808967165459,0.7126120194364254,0.7130863142456215,0.7133257754638868
-0.7123020742688403,-0.7119665114296769,0,0.712395282003415,0.7129347734397996,0.7134595818509363,0.7136655914724392
-0.7123331435136985,-0.7121808967165459,-0.712395282003415,0,0.7134742648761843,0.7139917317746971,0.7140890279621139
-0.71261842385432,-0.7126120194364254,-0.7129347734397996,-0.7134742648761843,0,0.7145091986732099,0.7143964095050788
-0.712996578818098,-0.7130863142456215,-0.7134595818509363,-0.7139917317746971,-0.7145091986732099,0,0.7142836203369476
-0.7132110857379063,-0.7133257754638868,-0.7136655914724392,-0.7140890279621139,-0.7143964095050788,-0.7142836203369476,0
