0,0.7138943736747935,0.713942967302822,0.7141732149084556,0.7147144832914063,0.7157220612940571,0.7170336073400865
-0.7138943736747935,0,0.7139915609308506,0.7143126355252867,0.7149878531636106,0.7161789831988731,0.7176614540731451
-0.713942967302822,-0.7139915609308506,0,0.7146337101197229,0.7154859992799906,0.7169081239548806,0.7185789273587186
-0.7141732149084556,-0.7143126355252867,-0.7146337101197229,0,0.7163382884402583,0.7180453308724595,0.7198939997717173
-0.7147144832914063,-0.7149878531636106,-0.7154859992799906,-0.7163382884402583,0,0.7197523733046607,0.7216718554374468
-0.7157220612940571,-0.7161789831988731,-0.7169081239548806,-0.7180453308724595,-0.7197523733046607,0,0.723591337570233
-0.7170336073400865,-0.7176614540731451,-0.7185789273587186,-0.7198939997717173,-0.7216718554374468,-0.723591337570233,0
