0,0.7146393738705544,0.7148096209441847,0.7151652291863324,0.715868664054551,0.7170344786310484,0.7192641160308351
-0.7146393738705544,0,0.7149798680178149,0.7154281568442213,0.7162784274492164,0.7176332548211719,0.7201890644628912
-0.7148096209441847,-0.7149798680178149,0,0.7158764456706279,0.7169277071649173,0.7185177170889577,0.7214913635741602
-0.7151652291863324,-0.7154281568442213,-0.7158764456706279,0,0.7179789686592066,0.7198383527981225,0.7233630028753377
-0.715868664054551,-0.7162784274492164,-0.7169277071649173,-0.7179789686592066,0,0.7216977369370383,0.7260550199834033
-0.7170344786310484,-0.7176332548211719,-0.7185177170889577,-0.7198383527981225,-0.7216977369370383,0,0.7304123030297682
-0.7192641160308351,-0.7201890644628912,-0.7214913635741602,-0.7233630028753377,-0.7260550199834033,-0.7304123030297682,0
