0,1.3985256594024855,1.3980555443177065,1.395480125878435,1.3806647421429545,1.3312271424151143,1.331801538122399
-1.3985256594024855,0,1.3975854292329275,1.3939573591164098,1.374711103056444,1.3144025131682715,1.3184567138663819
-1.3980555443177065,-1.3975854292329275,0,1.3903292889998924,1.3632739399682026,1.286674874480053,1.2986745350247455
-1.395480125878435,-1.3939573591164098,-1.3903292889998924,0,1.3362185909365127,1.2348476672201332,1.2681229503663631
-1.3806647421429545,-1.374711103056444,-1.3632739399682026,-1.3362185909365127,0,1.1334767435037536,1.2340751300812882
-1.3312271424151143,-1.3144025131682715,-1.286674874480053,-1.2348476672201332,-1.1334767435037536,0,1.3346735166588228
-1.331801538122399,-1.3184567138663819,-1.2986745350247455,-1.2681229503663631,-1.2340751300812882,-1.3346735166588228,0
