0,1.385672527831624,1.3816085467279124,1.376150219651209,1.3821730837450585,1.4315889252237084,1.5628505983090475
-1.385672527831624,0,1.377544565624201,1.3713890655610013,1.38100660238287,1.4430680245717296,1.598286212404532
-1.3816085467279124,-1.377544565624201,0,1.3652335654978018,1.3827376207622046,1.464909177554239,1.6534716240996148
-1.376150219651209,-1.3713890655610013,-1.3652335654978018,0,1.4002416760266074,1.5147469835824579,1.749550976966886
-1.3821730837450585,-1.38100660238287,-1.3827376207622046,-1.4002416760266074,0,1.6292522911383083,1.9242056274370252
-1.4315889252237084,-1.4430680245717296,-1.464909177554239,-1.5147469835824579,-1.6292522911383083,0,2.219158963735742
-1.5628505983090475,-1.598286212404532,-1.6534716240996148,-1.749550976966886,-1.9242056274370252,-2.219158963735742,0
