0,1.3798977431717634,1.3645200784970486,1.3452719714161783,1.3248109155234973,1.3275639498036655,1.4742828763980456
-1.3798977431717634,0,1.3491424138223338,1.3279590855383858,1.306448639640742,1.3144805014616412,1.493159903043302
-1.3645200784970486,-1.3491424138223338,0,1.3067757572544378,1.285101752549946,1.3029265306747435,1.5291642753485442
-1.3452719714161783,-1.3279590855383858,-1.3067757572544378,0,1.263427747845454,1.3010019173848963,1.6032937813799129
-1.3248109155234973,-1.306448639640742,-1.285101752549946,-1.263427747845454,0,1.3385760869243386,1.7732267981471423
-1.3275639498036655,-1.3144805014616412,-1.3029265306747435,-1.3010019173848963,-1.3385760869243386,0,2.207877509369946
-1.4742828763980456,-1.493159903043302,-1.5291642753485442,-1.6032937813799129,-1.7732267981471423,-2.207877509369946,0
