0,1.3890807194132189,1.3865402455691436,1.3822225639904193,1.3776879497634738,1.4327102325143193,1.7938996584956959
-1.3890807194132189,0,1.3839997717250683,1.3787934862790197,1.3738903598802255,1.4436176107895944,1.8748634463121914
-1.3865402455691436,-1.3839997717250683,0,1.3735872008329708,1.368835653957804,1.4634902238111032,1.997579364958972
-1.3822225639904193,-1.3787934862790197,-1.3735872008329708,0,1.364084107082637,1.5084417353001691,2.2055767530009724
-1.3776879497634738,-1.3738903598802255,-1.368835653957804,-1.364084107082637,0,1.6527993635177012,2.62632307596014
-1.4327102325143193,-1.4436176107895944,-1.4634902238111032,-1.5084417353001691,-1.6527993635177012,0,3.599846788402579
-1.7938996584956959,-1.8748634463121914,-1.997579364958972,-2.2055767530009724,-2.62632307596014,-3.599846788402579,0
