0,1.3723145884253356,1.3718257361725918,1.372439511507042,1.3838875941078104,1.4835851123950505,1.9363809967713426
-1.3723145884253356,0,1.371336883919848,1.3725019730478953,1.3877452626686353,1.5114027433874793,2.049194278440544
-1.3718257361725918,-1.371336883919848,0,1.3736670621759424,1.395949452043029,1.558091363210023,2.218658627070718
-1.372439511507042,-1.3725019730478953,-1.3736670621759424,0,1.4182318419101154,1.6503035137270632,2.500322482035643
-1.3838875941078104,-1.3877452626686353,-1.395949452043029,-1.4182318419101154,0,1.882375185544011,3.041367802098407
-1.4835851123950505,-1.5114027433874793,-1.558091363210023,-1.6503035137270632,-1.882375185544011,0,4.200360418652803
-1.9363809967713426,-2.049194278440544,-2.218658627070718,-2.500322482035643,-3.041367802098407,-4.200360418652803,0
