0,1.3668101112978264,1.3612371043707565,1.3462084389405868,1.3187471037570617,1.280831140061577,1.2603315810072473
-1.3668101112978264,0,1.3556640974436867,1.3359076027619672,1.3027261012434737,1.259336397252515,1.2390358749491317
-1.3612371043707565,-1.3556640974436867,0,1.3161511080802475,1.276257103143367,1.2272271638554575,1.2098788193254928
-1.3462084389405868,-1.3359076027619672,-1.3161511080802475,0,1.2363630982064864,1.1827651917430626,1.174454723073908
-1.3187471037570617,-1.3027261012434737,-1.276257103143367,-1.2363630982064864,0,1.1291672852796388,1.1435005355076187
-1.280831140061577,-1.259336397252515,-1.2272271638554575,-1.1827651917430626,-1.1291672852796388,0,1.1578337857355985
-1.2603315810072473,-1.2390358749491317,-1.2098788193254928,-1.174454723073908,-1.1435005355076187,-1.1578337857355985,0
