0,1.3911528645567002,1.385108270377537,1.3787126761560815,1.3851629730640518,1.4173636302122343,1.5931745243776232
-1.3911528645567002,0,1.3790636761983739,1.3724925819557723,1.3831663425665024,1.423916321626118,1.6335788563418077
-1.385108270377537,-1.3790636761983739,0,1.3659214877131705,1.3852176757505665,1.4388672034353658,1.6972076513776662
-1.3787126761560815,-1.3724925819557723,-1.3659214877131705,0,1.4045138637879626,1.4753400612964636,1.8076363725991647
-1.3851629730640518,-1.3831663425665024,-1.3852176757505665,-1.4045138637879626,0,1.5461662588049645,2.009197627004766
-1.4173636302122343,-1.423916321626118,-1.4388672034353658,-1.4753400612964636,-1.5461662588049645,0,2.472228995204567
-1.5931745243776232,-1.6335788563418077,-1.6972076513776662,-1.8076363725991647,-2.009197627004766,-2.472228995204567,0
