0,1.023489685683526,1.0243578625652414,1.0232213668279109,1.0196942622012928,1.0113720340863788,0.9972467507614845
-1.023489685683526,0,1.0252260394469568,1.0230872074001032,1.0184291210405483,1.0083426211870918,0.9919981637770761
-1.0243578625652414,-1.0252260394469568,0,1.0209483753532496,1.0150306618373441,1.0027148151004703,0.983691194859606
-1.0232213668279109,-1.0230872074001032,-1.0209483753532496,0,1.0091129483214387,0.9935980349740807,0.9712721346950581
-1.0196942622012928,-1.0184291210405483,-1.0150306618373441,-1.0091129483214387,0,0.9780831216267227,0.9523517278818678
-1.0113720340863788,-1.0083426211870918,-1.0027148151004703,-0.9935980349740807,-0.9780831216267227,0,0.926620334137013
-0.9972467507614845,-0.9919981637770761,-0.983691194859606,-0.9712721346950581,-0.9523517278818678,-0.926620334137013,0
