0,1.0205805096801102,1.0214495700014004,1.0202212599489269,1.0168562450607475,1.0119695341769785,1.0073587496311978
-1.0205805096801102,0,1.0223186303226905,1.0200416350833352,1.0156148235209599,1.0098167903011956,1.0047143976214152
-1.0214495700014004,-1.0223186303226905,0,1.0177646398439801,1.0122629201200946,1.0056495102940308,1.0003133394460964
-1.0202212599489269,-1.0200416350833352,-1.0177646398439801,0,1.006761200396209,0.9995919455190561,0.9944962393134684
-1.0168562450607475,-1.0156148235209599,-1.0122629201200946,-1.006761200396209,0,0.9924226906419031,0.9883637587720981
-1.0119695341769785,-1.0098167903011956,-1.0056495102940308,-0.9995919455190561,-0.9924226906419031,0,0.9843048269022932
-1.0073587496311978,-1.0047143976214152,-1.0003133394460964,-0.9944962393134684,-0.9883637587720981,-0.9843048269022932,0
