0,1.019910910944744,1.0223268490313466,1.024088956351662,1.0241148368010908,1.0195526257551821,1.0026016182627535
-1.019910910944744,0,1.0247427871179493,1.0261779790551209,1.0255161454198731,1.0194630544577916,0.9991397597263554
-1.0223268490313466,-1.0247427871179493,0,1.0276131709922924,1.025902824570835,1.0177031435710724,0.9927390028784568
-1.024088956351662,-1.0261779790551209,-1.0276131709922924,0,1.0241924781493776,1.0127481298604624,0.9811142801738449
-1.0241148368010908,-1.0255161454198731,-1.025902824570835,-1.0241924781493776,0,1.001303781571547,0.9595751811860787
-1.0195526257551821,-1.0194630544577916,-1.0177031435710724,-1.0127481298604624,-1.001303781571547,0,0.9178465808006102
-1.0026016182627535,-0.9991397597263554,-0.9927390028784568,-0.9811142801738449,-0.9595751811860787,-0.9178465808006102,0
