0,1.0215477665900223,1.0228652402829426,1.0259280238105557,1.0304848999740177,1.0354972504236615,1.043927039339089
-1.0215477665900223,0,1.0241827139758628,1.0281181524208223,1.0334639444353495,1.0389846213820713,1.0484028938889023
-1.0228652402829426,-1.0241827139758628,0,1.032053590865782,1.0381045596650929,1.0439185905174742,1.054457938867162
-1.0259280238105557,-1.0281181524208223,-1.032053590865782,0,1.0441555284644037,1.0498510903433202,1.0619260548676221
-1.0304848999740177,-1.0334639444353495,-1.0381045596650929,-1.0441555284644037,0,1.0555466522222368,1.0708113180692314
-1.0354972504236615,-1.0389846213820713,-1.0439185905174742,-1.0498510903433202,-1.0555466522222368,0,1.086075983916226
-1.043927039339089,-1.0484028938889023,-1.054457938867162,-1.0619260548676221,-1.0708113180692314,-1.086075983916226,0
