0,1.8260771212545848,1.8276743206878325,1.8164870793414354,1.7963440339099008,1.6114606062659997,1.528455852897304
-1.8260771212545848,0,1.8292715201210803,1.8116920583848608,1.786433004795006,1.5578064775188536,1.4689315992258478
-1.8276743206878325,-1.8292715201210803,0,1.7941125966486413,1.7650137471319691,1.467318129984778,1.3788466190020396
-1.8164870793414354,-1.8116920583848608,-1.7941125966486413,0,1.735914897615297,1.3039208966528464,1.2404246264531726
-1.7963440339099008,-1.786433004795006,-1.7650137471319691,-1.735914897615297,0,0.8719268956903958,0.9926794908721104
-1.6114606062659997,-1.5578064775188536,-1.467318129984778,-1.3039208966528464,-0.8719268956903958,0,1.113432086053825
-1.528455852897304,-1.4689315992258478,-1.3788466190020396,-1.2404246264531726,-0.9926794908721104,-1.113432086053825,0
