0,1.8423108915023645,1.8499175172972908,1.8752791577744254,1.8392366486894867,1.6656785337049147,1.2722376085412737
-1.8423108915023645,0,1.8575241430922171,1.8917632909104558,1.838211901085194,1.6215204442555522,1.1582229519490554
-1.8499175172972908,-1.8575241430922171,0,1.9260024387286947,1.8285557800816825,1.5428525446433305,0.9833976541632652
-1.8752791577744254,-1.8917632909104558,-1.9260024387286947,0,1.7311091214346703,1.3512775976006486,0.669196059308122
-1.8392366486894867,-1.838211901085194,-1.8285557800816825,-1.7311091214346703,0,0.9714460737666268,0.13823952824484786
-1.6656785337049147,-1.6215204442555522,-1.5428525446433305,-1.3512775976006486,-0.9714460737666268,0,-0.6949670172769311
-1.2722376085412737,-1.1582229519490554,-0.9833976541632652,-0.669196059308122,-0.13823952824484786,0.6949670172769311,0
