0,1.8688107224331698,1.8489289399099798,1.8281539672067,1.8451051451676557,1.7078877600727114,1.237724048894327
-1.8688107224331698,0,1.8290471573867897,1.807825589593465,1.837203286079151,1.6676570194825968,1.1115067141865584
-1.8489289399099798,-1.8290471573867897,0,1.7866040218001404,1.8412813504253316,1.6138603068478659,0.9321216033865006
-1.8281539672067,-1.807825589593465,-1.7866040218001404,0,1.8959586790505227,1.5274884493717287,0.6472941305819541
-1.8451051451676557,-1.837203286079151,-1.8412813504253316,-1.8959586790505227,0,1.1590182196929346,0.022961856347669674
-1.7078877600727114,-1.6676570194825968,-1.6138603068478659,-1.5274884493717287,-1.1590182196929346,0,-1.1130945069975953
-1.237724048894327,-1.1115067141865584,-0.9321216033865006,-0.6472941305819541,-0.022961856347669674,1.1130945069975953,0
