0,1.0214471427201932,1.02152600081571,1.0216654882997107,1.0213148276218855,1.0192495058283257,1.011782221396028
-1.0214471427201932,0,1.021604858911227,1.0217746610894696,1.0212707225891162,1.0187000966053588,1.009849237131195
-1.02152600081571,-1.021604858911227,0,1.0219444632677122,1.021103654428061,1.0177318425034028,1.006910331686187
-1.0216654882997107,-1.0217746610894696,-1.0219444632677122,0,1.0202628455884097,1.015625532121248,1.0018989544923451
-1.0213148276218855,-1.0212707225891162,-1.021103654428061,-1.0202628455884097,0,1.0109882186540862,0.9927170089443127
-1.0192495058283257,-1.0187000966053588,-1.0177318425034028,-1.015625532121248,-1.0109882186540862,0,0.9744457992345392
-1.011782221396028,-1.009849237131195,-1.006910331686187,-1.0018989544923451,-0.9927170089443127,-0.9744457992345392,0
