0,1.0233789444170307,1.0228363278043768,1.022405018375776,1.0219600789997074,1.0208285175813314,1.0199267494541406
-1.0233789444170307,0,1.022293711191723,1.0219180553551488,1.0214871238605996,1.0201909108724065,1.0192363104615627
-1.0228363278043768,-1.022293711191723,0,1.0215423995185744,1.021083830195038,1.0194899774326345,1.0184719602790226
-1.022405018375776,-1.0219180553551488,-1.0215423995185744,0,1.0206252608715016,1.0184637663896645,1.0174484805325055
-1.0219600789997074,-1.0214871238605996,-1.021083830195038,-1.0206252608715016,0,1.0163022719078274,1.0158600903630073
-1.0208285175813314,-1.0201909108724065,-1.0194899774326345,-1.0184637663896645,-1.0163022719078274,0,1.0154179088181872
-1.0199267494541406,-1.0192363104615627,-1.0184719602790226,-1.0174484805325055,-1.0158600903630073,-1.0154179088181872,0
