0,1.021271034101899,1.0209401219682914,1.0204899834383647,1.019875502991881,1.0176294634093979,1.00948736605897
-1.021271034101899,0,1.020609209834684,1.0200994581065976,1.0194103259552083,1.0167190707362728,1.0071306324503841
-1.0209401219682914,-1.020609209834684,0,1.019589706378511,1.0188108840154704,1.015422357703469,1.0037609881043092
-1.0204899834383647,-1.0200994581065976,-1.019589706378511,0,1.0180320616524297,1.013338683365948,0.9984847486795753
-1.019875502991881,-1.0194103259552083,-1.0188108840154704,-1.0180320616524297,0,1.0086453050794661,0.9887110921931481
-1.0176294634093979,-1.0167190707362728,-1.015422357703469,-1.013338683365948,-1.0086453050794661,0,0.9687768793068301
-1.00948736605897,-1.0071306324503841,-1.0037609881043092,-0.9984847486795753,-0.9887110921931481,-0.9687768793068301,0
