0,1.022104052036173,1.0217184799490961,1.0206188272851133,1.0183782021566807,1.0152546422483089,1.0119626078436952
-1.022104052036173,0,1.0213329078620192,1.0198762149095835,1.0171362521968499,1.0135422898013426,1.0099343190051997
-1.0217184799490961,-1.0213329078620192,0,1.0184195219571475,1.0150379243642653,1.0109454171144505,1.0070846717909947
-1.0206188272851133,-1.0198762149095835,-1.0184195219571475,0,1.0116563267713832,1.007208364693102,1.0033063884022773
-1.0183782021566807,-1.0171362521968499,-1.0150379243642653,-1.0116563267713832,0,1.002760402614821,0.9991314192177243
-1.0152546422483089,-1.0135422898013426,-1.0109454171144505,-1.007208364693102,-1.002760402614821,0,0.9955024358206277
-1.0119626078436952,-1.0099343190051997,-1.0070846717909947,-1.0033063884022773,-0.9991314192177243,-0.9955024358206277,0
