0,6.238559319244705,3.5194637758787684,2.6304182535165808,1.9543503670344058,1.3100161669420642,0.8503488174308483
-6.238559319244705,0,0.8003682325128318,0.8263477206525187,0.5262807162976394,0.07788037886640398,-0.2272932829319229
-3.5194637758787684,-0.8003682325128318,0,0.8523272087922056,0.3892369581900432,-0.1629489056824053,-0.4842086617931116
-2.6304182535165808,-0.8263477206525187,-0.8523272087922056,0,-0.07385329241211913,-0.6705869629197108,-0.929720618654884
-1.9543503670344058,-0.5262807162976394,-0.3892369581900432,0.07385329241211913,0,-1.2673206334273024,-1.3576542817762665
-1.3100161669420642,-0.07788037886640398,0.1629489056824053,0.6705869629197108,1.2673206334273024,0,-1.4479879301252305
-0.8503488174308483,0.2272932829319229,0.4842086617931116,0.929720618654884,1.3576542817762665,1.4479879301252305,0
