0,6.532062329207643,3.491239412589037,2.295984217228652,1.785742852882654,1.3555794583447847,1.1918502562689777
-6.532062329207643,0,0.45041649597043065,0.17794516123915693,0.20363636077432426,0.061458740629070086,0.12380784168124456
-3.491239412589037,-0.45041649597043065,0,-0.09452617349211678,0.08024629317627108,-0.06819384448471677,0.04215567810894805
-2.295984217228652,-0.17794516123915693,0.09452617349211678,0,0.25501875984465894,-0.055027679981016764,0.08771629530930299
-1.785742852882654,-0.20363636077432426,-0.08024629317627108,-0.25501875984465894,0,-0.36507411980669247,0.004065063041625017
-1.3555794583447847,-0.061458740629070086,0.06819384448471677,0.055027679981016764,0.36507411980669247,0,0.3732042458899425
-1.1918502562689777,-0.12380784168124456,-0.04215567810894805,-0.08771629530930299,-0.004065063041625017,-0.3732042458899425,0
