0,7.583717634787981,3.2518567027070806,2.219777973494553,1.8559821272686807,1.4652611253277914,2.0715360328073973
-7.583717634787981,0,-1.0800042293738201,-0.46219185715216105,-0.053263041904419474,-0.06435300203725602,0.9690997124112803
-3.2518567027070806,1.0800042293738201,0,0.15562051506949803,0.46010755183028085,0.274197407074932,1.4813756978575554
-2.219777973494553,0.46219185715216105,-0.15562051506949803,0,0.7645945885910637,0.333485853077649,1.9232940921202413
-1.8559821272686807,0.053263041904419474,-0.46010755183028085,-0.7645945885910637,0,-0.09762288243576567,2.50264384388483
-1.4652611253277914,0.06435300203725602,-0.274197407074932,-0.333485853077649,0.09762288243576567,0,5.102910570205426
-2.0715360328073973,-0.9690997124112803,-1.4813756978575554,-1.9232940921202413,-2.50264384388483,-5.102910570205426,0
