0,4.548587604574483,4.478490314684987,3.221658238697477,2.465938537579382,1.7514202978126356,2.1904276807869745
-4.548587604574483,0,4.408393024795491,2.5581935557589737,1.771722181914348,1.0521284711221737,1.7187956960294728
-4.478490314684987,-4.408393024795491,0,0.7079940867224561,0.45338676047377646,-0.06662638010226551,1.0463963638379683
-3.221658238697477,-2.5581935557589737,-0.7079940867224561,0,0.1987794342250968,-0.45393661351462633,1.1591971228764724
-2.465938537579382,-1.771722181914348,-0.45338676047377646,-0.1987794342250968,0,-1.1066526612543495,1.6394059672021601
-1.7514202978126356,-1.0521284711221737,0.06662638010226551,0.45393661351462633,1.1066526612543495,0,4.38546459565867
-2.1904276807869745,-1.7187956960294728,-1.0463963638379683,-1.1591971228764724,-1.6394059672021601,-4.38546459565867,0
