0,0.2144766427050476,0.21450601277896425,0.21438564559139991,0.21406435788011693,0.21347097432748385,0.21250775893731608
-0.2144766427050476,0,0.2145353828528809,0.21434014703457605,0.21392692960514004,0.2132195572330929,0.21211398218376978
-0.21450601277896425,-0.2145353828528809,0,0.21414491121627122,0.21362270298126962,0.21278094869316358,0.21150863201649198
-0.21438564559139991,-0.21434014703457605,-0.21414491121627122,0,0.21310049474626802,0.21209896743160978,0.21062987228323224
-0.21406435788011693,-0.21392692960514004,-0.21362270298126962,-0.21310049474626802,0,0.21109744011695153,0.20939456105171433
-0.21347097432748385,-0.2132195572330929,-0.21278094869316358,-0.21209896743160978,-0.21109744011695153,0,0.20769168198647714
-0.21250775893731608,-0.21211398218376978,-0.21150863201649198,-0.21062987228323224,-0.20939456105171433,-0.20769168198647714,0
