0,0.2056019176813736,0.20544187925664512,0.205376829706824,0.2053538313394798,0.20528410940524172,0.20502521504659663
-0.2056019176813736,0,0.20528184083191664,0.2052642857195492,0.20527113589218185,0.20520465733620877,0.2049098745196412
-0.20544187925664512,-0.20528184083191664,0,0.20524673060718174,0.20526578342231447,0.20517892950430613,0.20481688294157235
-0.205376829706824,-0.2052642857195492,-0.20524673060718174,0,0.2052848362374472,0.20514502895286835,0.20467360038636925
-0.2053538313394798,-0.20527113589218185,-0.20526578342231447,-0.2052848362374472,0,0.2050052216682895,0.20436798246083027
-0.20528410940524172,-0.20520465733620877,-0.20517892950430613,-0.20514502895286835,-0.2050052216682895,0,0.20373074325337104
-0.20502521504659663,-0.2049098745196412,-0.20481688294157235,-0.20467360038636925,-0.20436798246083027,-0.20373074325337104,0
