0,0.21043742544506477,0.2103547152996077,0.210551259531746,0.21111538497078344,0.21214999569915255,0.21377134397330932
-0.21043742544506477,0,0.21027200515415062,0.2106081765750866,0.2113413714793563,0.21257813826267452,0.21443812767895826
-0.2103547152996077,-0.21027200515415062,0,0.21094434799602257,0.2118760546419592,0.21334684929884914,0.21547965831016014
-0.210551259531746,-0.2106081765750866,-0.21094434799602257,0,0.2128077612878958,0.21454809995026242,0.21699142841487265
-0.21111538497078344,-0.2113413714793563,-0.2118760546419592,-0.2128077612878958,0,0.21628843861262903,0.2190832619783611
-0.21214999569915255,-0.21257813826267452,-0.21334684929884914,-0.21454809995026242,-0.21628843861262903,0,0.22187808534409315
-0.21377134397330932,-0.21443812767895826,-0.21547965831016014,-0.21699142841487265,-0.2190832619783611,-0.22187808534409315,0
