0,3.202422263490153,3.1140831315105215,2.8874525671379527,2.4251883831617893,1.9338834499065993,1.6094379124341005
-3.202422263490153,0,3.02574399953089,2.729967718961853,2.1661104230523347,1.6167487465107109,1.29084104222289
-3.1140831315105215,-3.02574399953089,0,2.4341914383928156,1.736293634813057,1.147083662170651,0.85711530289589
-2.8874525671379527,-2.729967718961853,-2.4341914383928156,0,1.0383958312332986,0.5035297740595688,0.3314232577302481
-2.4251883831617893,-2.1661104230523347,-1.736293634813057,-1.0383958312332986,0,-0.031336283114161034,-0.022063029021277103
-1.9338834499065993,-1.6167487465107109,-1.147083662170651,-0.5035297740595688,0.031336283114161034,0,-0.012789774928393172
-1.6094379124341005,-1.29084104222289,-0.85711530289589,-0.3314232577302481,0.022063029021277103,0.012789774928393172,0
