0,3.2488633223197407,3.2696375459703946,2.958146575751309,2.3890824383223097,1.9806441842837395,1.728329560413678
-3.2488633223197407,0,3.2904117696210484,2.812788202467093,2.102488810323166,1.663589399774739,1.4242228080324655
-3.2696375459703946,-3.2904117696210484,0,2.335164635313138,1.5085273306742248,1.121315276492636,0.9576755676353197
-2.958146575751309,-2.812788202467093,-2.335164635313138,0,0.6818900260353118,0.514390597082385,0.498512545076047
-2.3890824383223097,-2.102488810323166,-1.5085273306742248,-0.6818900260353118,0,0.3468911681294582,0.40682380459641454
-1.9806441842837395,-1.663589399774739,-1.121315276492636,-0.514390597082385,-0.3468911681294582,0,0.4667564410633709
-1.728329560413678,-1.4242228080324655,-0.9576755676353197,-0.498512545076047,-0.40682380459641454,-0.4667564410633709,0
