0,2.40955537925241,2.4084680101844946,2.410257321955832,2.3872538601294373,2.277236149966342,2.1073977697007096
-2.40955537925241,0,2.4073806411165792,2.410608293307543,2.37982002042178,2.2441563426448248,2.04696624779037
-2.4084680101844946,-2.4073806411165792,0,2.4138359454985068,2.36603971007438,2.18974824315424,1.9568626494588173
-2.410257321955832,-2.410608293307543,-2.4138359454985068,0,2.318243474650253,2.0777043919821065,1.8045382174455875
-2.3872538601294373,-2.37982002042178,-2.36603971007438,-2.318243474650253,0,1.83716530931396,1.5476855888432546
-2.277236149966342,-2.2441563426448248,-2.18974824315424,-2.0777043919821065,-1.83716530931396,0,1.2582058683725492
-2.1073977697007096,-2.04696624779037,-1.9568626494588173,-1.8045382174455875,-1.5476855888432546,-1.2582058683725492,0
