0,2.4072769409784565,2.404829564740006,2.402462201233772,2.392704764769377,2.26734001262777,2.1107553806301413
-2.4072769409784565,0,2.402382188501556,2.4000548313614303,2.387847372699684,2.2323557805400984,2.0514510685604783
-2.404829564740006,-2.402382188501556,0,2.3977274742213046,2.3805799647987476,2.175680311219612,1.9637182885752091
-2.402462201233772,-2.4000548313614303,-2.3977274742213046,0,2.3634324553761905,2.064656729718766,1.8190485600265107
-2.392704764769377,-2.387847372699684,-2.3805799647987476,-2.3634324553761905,0,1.7658810040613417,1.5468566123516707
-2.26734001262777,-2.2323557805400984,-2.175680311219612,-2.064656729718766,-1.7658810040613417,0,1.3278322206419997
-2.1107553806301413,-2.0514510685604783,-1.9637182885752091,-1.8190485600265107,-1.5468566123516707,-1.3278322206419997,0
