0,2.406950632530747,2.4044834151507155,2.403023341337275,2.377671107073926,2.2847150383996366,2.2732481338864745
-2.406950632530747,0,2.402016197770684,2.401059695740539,2.367911265254986,2.2541561398668595,2.24650763415762
-2.4044834151507155,-2.402016197770684,0,2.400103193710394,2.3508587989971366,2.2048694538989175,2.2076304932543542
-2.403023341337275,-2.401059695740539,-2.400103193710394,0,2.301614404283879,2.1072525839931795,2.1434729264356744
-2.377671107073926,-2.367911265254986,-2.3508587989971366,-2.301614404283879,0,1.91289076370248,2.064402187511572
-2.2847150383996366,-2.2541561398668595,-2.2048694538989175,-2.1072525839931795,-1.91289076370248,0,2.215913611320664
-2.2732481338864745,-2.24650763415762,-2.2076304932543542,-2.1434729264356744,-2.064402187511572,-2.215913611320664,0
