0,1.383614171354119,1.384292123109294,1.3843587619968254,1.3836981523817848,1.3829846990734525,1.3957059874581519
-1.383614171354119,0,1.3849700748644689,1.3847310573181786,1.3837261460576735,1.3828273310032857,1.3981243506789585
-1.384292123109294,-1.3849700748644689,0,1.3844920397718883,1.3831041816542757,1.382113083049558,1.4014129196325809
-1.3843587619968254,-1.3847310573181786,-1.3844920397718883,0,1.3817163235366632,1.3809236046883928,1.4070532129194782
-1.3836981523817848,-1.3837261460576735,-1.3831041816542757,-1.3817163235366632,0,1.3801308858401224,1.4197216576108858
-1.3829846990734525,-1.3828273310032857,-1.382113083049558,-1.3809236046883928,-1.3801308858401224,0,1.459312429381649
-1.3957059874581519,-1.3981243506789585,-1.4014129196325809,-1.4070532129194782,-1.4197216576108858,-1.459312429381649,0
