0,1.3869641319076107,1.3874428534662726,1.3877005005496414,1.3897976335333084,1.3947983615348962,1.4048718968718938
-1.3869641319076107,0,1.3879215750249345,1.3880686848706567,1.3907421340752075,1.3967569189417175,1.4084534498647503
-1.3874428534662726,-1.3879215750249345,0,1.3882157947163791,1.3921524136003443,1.3997020335806454,1.4135864185747042
-1.3877005005496414,-1.3880686848706567,-1.3882157947163791,0,1.3960890324843094,1.4054451530127783,1.422043293194146
-1.3897976335333084,-1.3907421340752075,-1.3921524136003443,-1.3960890324843094,0,1.4148012735412472,1.4350204235490644
-1.3947983615348962,-1.3967569189417175,-1.3997020335806454,-1.4054451530127783,-1.4148012735412472,0,1.4552395735568817
-1.4048718968718938,-1.4084534498647503,-1.4135864185747042,-1.422043293194146,-1.4350204235490644,-1.4552395735568817,0
