0,1.3860941858309672,1.3873421102041719,1.3881854131465554,1.3875338075713988,1.3867481321710822,1.3872985388281267
-1.3860941858309672,0,1.3885900345773765,1.3892310268043495,1.3880136814848758,1.3869116187561108,1.3875394094275586
-1.3873421102041719,-1.3885900345773765,0,1.3898720190313227,1.3877255049386257,1.386352146815689,1.3872767531401042
-1.3881854131465554,-1.3892310268043495,-1.3898720190313227,0,1.3855789908459286,1.384592210707872,1.386411664509698
-1.3875338075713988,-1.3880136814848758,-1.3877255049386257,-1.3855789908459286,0,1.3836054305698156,1.3868280013415828
-1.3867481321710822,-1.3869116187561108,-1.386352146815689,-1.384592210707872,-1.3836054305698156,0,1.39005057211335
-1.3872985388281267,-1.3875394094275586,-1.3872767531401042,-1.386411664509698,-1.3868280013415828,-1.39005057211335,0
