0,1.3869698466595546,1.3854906257947728,1.384040515573342,1.3828798223932377,1.386199477945159,1.418452914023587
-1.3869698466595546,0,1.384011404929991,1.3825758500302356,1.381516480971132,1.3860068857665602,1.4247495274963937
-1.3854906257947728,-1.384011404929991,0,1.3811402951304803,1.3802690189917026,1.3866720460454165,1.4349340581379944
-1.384040515573342,-1.3825758500302356,-1.3811402951304803,0,1.379397742852925,1.3894379215028847,1.4528653124738324
-1.3828798223932377,-1.381516480971132,-1.3802690189917026,-1.379397742852925,0,1.3994781001528445,1.489599097284286
-1.386199477945159,-1.3860068857665602,-1.3866720460454165,-1.3894379215028847,-1.3994781001528445,0,1.5797200944157277
-1.418452914023587,-1.4247495274963937,-1.4349340581379944,-1.4528653124738324,-1.489599097284286,-1.5797200944157277,0
