0,3.2168271714590237,3.229780033642789,3.2178274751535096,2.8968662800072997,2.443909944275468,2.1904276807869745
-3.2168271714590237,0,3.242732895826554,3.218327627000753,2.790212649523392,2.2506806374795794,1.985147782652565
-3.229780033642789,-3.242732895826554,0,3.1939223581749516,2.5639525263718106,1.919996551363921,1.6707515043590675
-3.2178274751535096,-3.218327627000753,-3.1939223581749516,0,1.9339826945686696,1.2830336479584057,1.1630278864204395
-2.8968662800072997,-2.790212649523392,-2.5639525263718106,-1.9339826945686696,0,0.6320846013481418,0.7775504823463244
-2.443909944275468,-2.2506806374795794,-1.919996551363921,-1.2830336479584057,-0.6320846013481418,0,0.923016363344507
-2.1904276807869745,-1.985147782652565,-1.6707515043590675,-1.1630278864204395,-0.7775504823463244,-0.923016363344507,0
