0,3.201632269859725,3.217050161973589,3.198326223852836,2.7756502678065234,2.3564470252594694,1.9789921206079708
-3.201632269859725,0,3.2324680540874535,3.1966732008493914,2.633656267122123,2.1451507141094055,1.7344640907576199
-3.217050161973589,-3.2324680540874535,0,3.1608783476113294,2.3342503736394575,1.7827116007833892,1.3599630999251617
-3.198326223852836,-3.1966732008493914,-3.1608783476113294,0,1.5076223996675857,1.0936282273694191,0.7596580173631059
-2.7756502678065234,-2.633656267122123,-2.3342503736394575,-1.5076223996675857,0,0.6796340550712525,0.38567582621086594
-2.3564470252594694,-2.1451507141094055,-1.7827116007833892,-1.0936282273694191,-0.6796340550712525,0,0.09171759735047935
-1.9789921206079708,-1.7344640907576199,-1.3599630999251617,-0.7596580173631059,-0.38567582621086594,-0.09171759735047935,0
