0,0.7128596370577936,0.7124493622502722,0.7122724634872357,0.7123468625698602,0.7123315642938111,0.7110487206770348
-0.7128596370577936,0,0.7120390874427508,0.7119788767019568,0.7121759377405491,0.7121995461028154,0.7106865374008831
-0.7124493622502722,-0.7120390874427508,0,0.7119186659611627,0.7122443628894483,0.712253032322837,0.7103483998904161
-0.7122724634872357,-0.7119788767019568,-0.7119186659611627,0,0.7125700598177338,0.7124202155036741,0.709824977866834
-0.7123468625698602,-0.7121759377405491,-0.7122443628894483,-0.7125700598177338,0,0.7122703711896143,0.708452436891384
-0.7123315642938111,-0.7121995461028154,-0.712253032322837,-0.7124202155036741,-0.7122703711896143,0,0.7046345025931537
-0.7110487206770348,-0.7106865374008831,-0.7103483998904161,-0.709824977866834,-0.708452436891384,-0.7046345025931537,0
