0,0.7143106332714069,0.7143829937624727,0.7143386931517811,0.7141080182041727,0.7135383478886923,0.7124981577094843
-0.7143106332714069,0,0.7144553542535386,0.7143527230919683,0.714040479848428,0.7133452765430137,0.7121356625970998
-0.7143829937624727,-0.7144553542535386,0,0.714250091930398,0.7138330426458727,0.7129752506395054,0.7115557396829901
-0.7143386931517811,-0.7143527230919683,-0.714250091930398,0,0.7134159933613473,0.712337829994059,0.7106576222671875
-0.7141080182041727,-0.714040479848428,-0.7138330426458727,-0.7134159933613473,0,0.7112596666267708,0.7092784367201077
-0.7135383478886923,-0.7133452765430137,-0.7129752506395054,-0.712337829994059,-0.7112596666267708,0,0.7072972068134447
-0.7124981577094843,-0.7121356625970998,-0.7115557396829901,-0.7106576222671875,-0.7092784367201077,-0.7072972068134447,0
