0,1.8337797009311698,1.8365694143628428,1.8510649826324366,1.9013396399732485,2.0806328887814045,2.5614280228270445
-1.8337797009311698,0,1.8393591277945158,1.8597076234830698,1.9238596196539415,2.142346185743963,2.706957687206219
-1.8365694143628428,-1.8393591277945158,0,1.8800561191716239,1.9661098655836542,2.2433418717271127,2.9238573270591455
-1.8510649826324366,-1.8597076234830698,-1.8800561191716239,0,2.0521636119956845,2.424984748004857,3.2717910630216522
-1.9013396399732485,-1.9238596196539415,-1.9661098655836542,-2.0521636119956845,0,2.7978058840140294,3.8816047885346365
-2.0806328887814045,-2.142346185743963,-2.2433418717271127,-2.424984748004857,-2.7978058840140294,0,4.965403693055244
-2.5614280228270445,-2.706957687206219,-2.9238573270591455,-3.2717910630216522,-3.8816047885346365,-4.965403693055244,0
