0,1.8296355455627542,1.8292854492869977,1.8375049445567526,1.865084954380651,1.897368501362965,2.010762180542746
-1.8296355455627542,0,1.828935353011241,1.8414396440537517,1.8769014239866166,1.914301740313018,2.046987507538744
-1.8292854492869977,-1.828935353011241,0,1.8539439350962623,1.9008844594743042,1.9427572027469437,2.10150054617062
-1.8375049445567526,-1.8414396440537517,-1.8539439350962623,0,1.947824983852346,1.9871638365722841,2.184019416528739
-1.865084954380651,-1.8769014239866166,-1.9008844594743042,-1.947824983852346,0,2.026502689292222,2.3021166328669356
-1.897368501362965,-1.914301740313018,-1.9427572027469437,-1.9871638365722841,-2.026502689292222,0,2.577730576441649
-2.010762180542746,-2.046987507538744,-2.10150054617062,-2.184019416528739,-2.3021166328669356,-2.577730576441649,0
