0,0.4567889292774418,0.45248255477212024,0.44678847641049696,0.44056414772007985,0.43479030168134614,0.43154239086468893
-0.4567889292774418,0,0.4481761802667987,0.4417882499770245,0.43515588720095916,0.4292906447823222,0.4264930831821384
-0.45248255477212024,-0.4481761802667987,0,0.43540031968725035,0.42864574066803945,0.4229954662874967,0.42107230891097325
-0.44678847641049696,-0.4417882499770245,-0.43540031968725035,0,0.42189116164882856,0.41679303958761993,0.4162963053188809
-0.44056414772007985,-0.43515588720095916,-0.42864574066803945,-0.42189116164882856,0,0.4116949175264113,0.4134988771539071
-0.43479030168134614,-0.4292906447823222,-0.4229954662874967,-0.41679303958761993,-0.4116949175264113,0,0.4153028367814029
-0.43154239086468893,-0.4264930831821384,-0.42107230891097325,-0.4162963053188809,-0.4134988771539071,-0.4153028367814029,0
