0,0.4319086777294942,0.44160692674068164,0.4529184871955496,0.4658830502371668,0.4803558946428237,0.495740093236617
-0.4319086777294942,0,0.45130517575186907,0.4634233919285773,0.47720784107305764,0.49246769887115605,0.5085063763380415
-0.44160692674068164,-0.45130517575186907,0,0.47554160810528556,0.490159173733652,0.5061885399109184,0.5228066764845847
-0.4529184871955496,-0.4634233919285773,-0.47554160810528556,0,0.5047767393620184,0.5215120058137348,0.5385616992776844
-0.4658830502371668,-0.47720784107305764,-0.490159173733652,-0.5047767393620184,0,0.5382472722654512,0.5554541792355174
-0.4803558946428237,-0.49246769887115605,-0.5061885399109184,-0.5215120058137348,-0.5382472722654512,0,0.5726610862055836
-0.495740093236617,-0.5085063763380415,-0.5228066764845847,-0.5385616992776844,-0.5554541792355174,-0.5726610862055836,0
