0,0.46069033293916334,0.4641411723632666,0.4645927653432118,0.4613356352627311,0.45410362240068747,0.4439353919452736
-0.46069033293916334,0,0.4675920117873698,0.466543981545236,0.46155073603725366,0.45245694476606846,0.44058440374649566
-0.4641411723632666,-0.4675920117873698,0,0.4654959513031023,0.4585300981621956,0.4474119224256347,0.43383250173627713
-0.4645927653432118,-0.466543981545236,-0.4654959513031023,0,0.4515642450212889,0.4383699079869009,0.42327801854733543
-0.4613356352627311,-0.46155073603725366,-0.4585300981621956,-0.4515642450212889,0,0.4251755709525129,0.4091349053103587
-0.45410362240068747,-0.45245694476606846,-0.4474119224256347,-0.4383699079869009,-0.4251755709525129,0,0.39309423966820445
-0.4439353919452736,-0.44058440374649566,-0.43383250173627713,-0.42327801854733543,-0.4091349053103587,-0.39309423966820445,0
