0,0.4734281529058398,0.46586024704817247,0.45535662067993776,0.4415088959261026,0.423441420150043,0.39910942053575577
-0.4734281529058398,0,0.45829234119050516,0.4463208545669868,0.43086914359952355,0.4109447369610938,0.384245674061739
-0.46586024704817247,-0.45829234119050516,0,0.43434936794346835,0.4171575448040327,0.3951622022179566,0.3657340072795474
-0.45535662067993776,-0.4463208545669868,-0.43434936794346835,0,0.3999657216645971,0.3755686193552008,0.3428622203915738
-0.4415088959261026,-0.43086914359952355,-0.4171575448040327,-0.3999657216645971,0,0.3511715170458045,0.31431046975506216
-0.423441420150043,-0.4109447369610938,-0.3951622022179566,-0.3755686193552008,-0.3511715170458045,0,0.2774494224643198
-0.39910942053575577,-0.384245674061739,-0.3657340072795474,-0.3428622203915738,-0.31431046975506216,-0.2774494224643198,0
