0,0.47067585513894133,0.46135967561964114,0.45426657804015785,0.44652308942050556,0.4367803444040853,0.4291181377549957
-0.47067585513894133,0,0.45204349610034095,0.4460619394907661,0.4384721675143603,0.4283064667203713,0.42080659427820655
-0.46135967561964114,-0.45204349610034095,0,0.44008038288119133,0.43168650322137,0.42039412359371475,0.4129973688226729
-0.45426657804015785,-0.4460619394907661,-0.44008038288119133,0,0.4232926235615486,0.4105509939499765,0.40396969746983347
-0.44652308942050556,-0.4384721675143603,-0.43168650322137,-0.4232926235615486,0,0.3978093643384044,0.3943082344239759
-0.4367803444040853,-0.4283064667203713,-0.42039412359371475,-0.4105509939499765,-0.3978093643384044,0,0.39080710450954737
-0.4291181377549957,-0.42080659427820655,-0.4129973688226729,-0.40396969746983347,-0.3943082344239759,-0.39080710450954737,0
