0,0.4311009153668131,0.42941107196047423,0.4283894661800211,0.4278477267396467,0.4270957404013143,0.4243218919376292
-0.4311009153668131,0,0.42772122855413536,0.4270337415866251,0.4267633305305913,0.4260944466599396,0.42296608725179236
-0.42941107196047423,-0.42772122855413536,0,0.4263462546191148,0.4262843815188192,0.425552186028541,0.42177730192620666
-0.4283894661800211,-0.4270337415866251,-0.4263462546191148,0,0.4262225084185236,0.42515515173325413,0.4202543176952373
-0.4278477267396467,-0.4267633305305913,-0.4262843815188192,-0.4262225084185236,0,0.42408779504798466,0.4172702223335941
-0.4270957404013143,-0.4260944466599396,-0.425552186028541,-0.42515515173325413,-0.42408779504798466,0,0.4104526496192036
-0.4243218919376292,-0.42296608725179236,-0.42177730192620666,-0.4202543176952373,-0.4172702223335941,-0.4104526496192036,0
