0,4.744125786877276,3.401517484105867,2.279658587862437,1.8584518375198549,1.4942088944567737,1.8404869726207487
-4.744125786877276,0,2.0589091813344584,1.0474249883550177,0.8965605210673813,0.6817296713516483,1.2597592097694432
-3.401517484105867,-2.0589091813344584,0,0.03594079537557704,0.3153861909338427,0.22266983469071158,1.0599717168781895
-2.279658587862437,-1.0474249883550177,-0.03594079537557704,0,0.5948315864921083,0.31603435434827887,1.4013153573790602
-1.8584518375198549,-0.8965605210673813,-0.3153861909338427,-0.5948315864921083,0,0.03723712220444941,1.8045572428225363
-1.4942088944567737,-0.6817296713516483,-0.22266983469071158,-0.31603435434827887,-0.03723712220444941,0,3.571877363440623
-1.8404869726207487,-1.2597592097694432,-1.0599717168781895,-1.4013153573790602,-1.8045572428225363,-3.571877363440623,0
