0,4.848346391052537,3.401037407256695,2.2420335370586284,1.7343818593289517,1.2834264725067333,1.8404869726207487
-4.848346391052537,0,1.953728423460853,0.9388771100616742,0.6963936820877565,0.39219649287028213,1.2597592097694432
-3.401037407256695,-1.953728423460853,0,-0.0759742033375046,0.06772631140120833,-0.12831415065990814,1.0599717168781895
-2.2420335370586284,-0.9388771100616742,0.0759742033375046,0,0.21142682613992125,-0.15448412432110992,1.4013153573790602
-1.7343818593289517,-0.6963936820877565,-0.06772631140120833,-0.21142682613992125,0,-0.5203950747821411,1.8045572428225363
-1.2834264725067333,-0.39219649287028213,0.12831415065990814,0.15448412432110992,0.5203950747821411,0,3.571877363440623
-1.8404869726207487,-1.2597592097694432,-1.0599717168781895,-1.4013153573790602,-1.8045572428225363,-3.571877363440623,0
