0,4.474785405425529,3.2586680645396218,2.3952943795430355,1.8769441203881496,1.41499823967161,1.168852632439994
-4.474785405425529,0,2.042550723653714,1.3555488666017883,1.0109970253756897,0.6500514482331303,0.5076660778428869
-3.2586680645396218,-2.042550723653714,0,0.6685470095498625,0.49522017623667747,0.18588502309293573,0.12394491639018002
-2.3952943795430355,-1.3555488666017883,-0.6685470095498625,0,0.3218933429234925,-0.055445970135527656,-0.05758911466304747
-1.8769441203881496,-1.0109970253756897,-0.49522017623667747,-0.3218933429234925,0,-0.4327852831945478,-0.24733034345631744
-1.41499823967161,-0.6500514482331303,-0.18588502309293573,0.055445970135527656,0.4327852831945478,0,-0.061875403718087085
-1.168852632439994,-0.5076660778428869,-0.12394491639018002,0.05758911466304747,0.24733034345631744,0.061875403718087085,0
