0,4.474843924312517,3.5748709590489134,2.4623607452295855,1.855758813274377,1.2607607354453325,1.3783888522474521
-4.474843924312517,0,2.6748979937853097,1.45611915568812,0.9827304429283302,0.45723993822853637,0.7590978378344391
-3.5748709590489134,-2.6748979937853097,0,0.2373403175909301,0.13664666749984056,-0.2819794136237214,0.28014779884672136
-2.4623607452295855,-1.45611915568812,-0.2373403175909301,0,0.03595301740875101,-0.5416392792310472,0.29441695926531847
-1.855758813274377,-0.9827304429283302,-0.13664666749984056,-0.03595301740875101,0,-1.1192315758708453,0.42364893019360217
-1.2607607354453325,-0.45723993822853637,0.2819794136237214,0.5416392792310472,1.1192315758708453,0,1.9665294362580497
-1.3783888522474521,-0.7590978378344391,-0.28014779884672136,-0.29441695926531847,-0.42364893019360217,-1.9665294362580497,0
