0,4.276490134502239,3.280807818479394,2.3378534459597042,1.8198497096536976,1.2828558587102519,1.4228993164556263
-4.276490134502239,0,2.285125502456549,1.3685351016884373,1.0009695680375172,0.5344472897622552,0.8521811528463038
-3.280807818479394,-2.285125502456549,0,0.45194470092032546,0.3588916008280014,-0.049112114469176106,0.4939450654437425
-2.3378534459597042,-1.3685351016884373,-0.45194470092032546,0,0.2658385007356774,-0.2996405221639269,0.5079451869515482
-1.8198497096536976,-1.0009695680375172,-0.3588916008280014,-0.2658385007356774,0,-0.8651195450635312,0.6289985300594836
-1.2828558587102519,-0.5344472897622552,0.049112114469176106,0.2996405221639269,0.8651195450635312,0,2.1231166051824983
-1.4228993164556263,-0.8521811528463038,-0.4939450654437425,-0.5079451869515482,-0.6289985300594836,-2.1231166051824983,0
