0,0.2115982884211555,0.2112955664315096,0.21099115377532632,0.21061078126027832,0.21004098050214784,0.20911981334064741
-0.2115982884211555,0,0.2109928444418637,0.21068758645241176,0.21028161220665262,0.20965165352239593,0.20862411832454578
-0.2112955664315096,-0.2109928444418637,0,0.2103823284629598,0.20992599608904705,0.20920458988257332,0.2080319367952163
-0.21099115377532632,-0.21068758645241176,-0.2103823284629598,0,0.2094696637151343,0.2086157205923801,0.20724847290596848
-0.21061078126027832,-0.21028161220665262,-0.20992599608904705,-0.2094696637151343,0,0.20776177746962587,0.20613787750138557
-0.21004098050214784,-0.20965165352239593,-0.20920458988257332,-0.2086157205923801,-0.20776177746962587,0,0.20451397753314526
-0.20911981334064741,-0.20862411832454578,-0.2080319367952163,-0.20724847290596848,-0.20613787750138557,-0.20451397753314526,0
