0,4.593225679808415,4.672504434000328,3.8825380327894012,2.944912940654972,2.465636003533336,2.4841608181412695
-4.593225679808415,0,4.751783188192241,3.527194209279894,2.3954753609371577,1.9337385844645658,2.06234784580784
-4.672504434000328,-4.751783188192241,0,2.302605230367547,1.2173214473096161,0.9943903832220075,1.3899890102117403
-3.8825380327894012,-3.527194209279894,-2.302605230367547,0,0.13203766425168517,0.3402829596492376,1.085783603493138
-2.944912940654972,-2.3954753609371577,-1.2173214473096161,-0.13203766425168517,0,0.54852825504679,1.5626565731138644
-2.465636003533336,-1.9337385844645658,-0.9943903832220075,-0.3402829596492376,-0.54852825504679,0,2.576784891180939
-2.4841608181412695,-2.06234784580784,-1.3899890102117403,-1.085783603493138,-1.5626565731138644,-2.576784891180939,0
