0,4.586832618295929,4.544127450688646,3.6393112360282576,2.7797276374309745,2.2997335186447057,2.0921611673800933
-4.586832618295929,0,4.501422283081363,3.1655505448944217,2.1773593104759894,1.7279587437318997,1.5932268771969258
-4.544127450688646,-4.501422283081363,0,1.8296788067074807,1.015327824173303,0.8034708972820788,0.8661780257258167
-3.6393112360282576,-3.1655505448944217,-1.8296788067074807,0,0.20097684163912533,0.2903669425693778,0.5450110987319287
-2.7797276374309745,-2.1773593104759894,-1.015327824173303,-0.20097684163912533,0,0.37975704349963024,0.7170282272783304
-2.2997335186447057,-1.7279587437318997,-0.8034708972820788,-0.2903669425693778,-0.37975704349963024,0,1.0542994110570305
-2.0921611673800933,-1.5932268771969258,-0.8661780257258167,-0.5450110987319287,-0.7170282272783304,-1.0542994110570305,0
