0,1.0200929661721612,1.0191379577790416,1.018005642493977,1.015953478482337,1.0148425588991103,1.015394605683363
-1.0200929661721612,0,1.018182949385922,1.016961980654885,1.0145736492523956,1.0135299570808478,1.0144549335856035
-1.0191379577790416,-1.018182949385922,0,1.015741011923848,1.0127689991856323,1.011978959645823,1.0135229296355237
-1.018005642493977,-1.016961980654885,-1.015741011923848,0,1.0097969864474168,1.0100979335068105,1.012783568872749
-1.015953478482337,-1.0145736492523956,-1.0127689991856323,-1.0097969864474168,0,1.0103988805662043,1.014276860085415
-1.0148425588991103,-1.0135299570808478,-1.011978959645823,-1.0100979335068105,-1.0103988805662043,0,1.0181548396046258
-1.015394605683363,-1.0144549335856035,-1.0135229296355237,-1.012783568872749,-1.014276860085415,-1.0181548396046258,0
