0,1.0255670918600928,1.024648967364402,1.02339319516411,1.021471731270024,1.0183749441771777,1.0077696804414085
-1.0255670918600928,0,1.023730842868711,1.0223062468161186,1.0201066110733346,1.016576907256449,1.0042101981576717
-1.024648967364402,-1.023730842868711,0,1.0208816507635263,1.0182944951756463,1.0141922620523616,0.9993300369799119
-1.02339319516411,-1.0223062468161186,-1.0208816507635263,0,1.0157073395877663,1.0108475676967792,0.9921461657187071
-1.021471731270024,-1.0201066110733346,-1.0182944951756463,-1.0157073395877663,0,1.0059877958057921,0.9803655787841774
-1.0183749441771777,-1.016576907256449,-1.0141922620523616,-1.0108475676967792,-1.0059877958057921,0,0.9547433617625627
-1.0077696804414085,-1.0042101981576717,-0.9993300369799119,-0.9921461657187071,-0.9803655787841774,-0.9547433617625627,0
