0,1.0196657809869183,1.0168449824055632,1.0150470763517652,1.013910414238585,1.0146376705805222,1.0252138855940978
-1.0196657809869183,0,1.0140241838242081,1.0127377240341886,1.0119919586558073,1.0133806429789232,1.0263235065155336
-1.0168449824055632,-1.0140241838242081,0,1.0114512642441693,1.010975846071607,1.0131661293638283,1.0293983371883648
-1.0150470763517652,-1.0127377240341886,-1.0114512642441693,0,1.0105004278990446,1.0140235619236577,1.0353806948364301
-1.013910414238585,-1.0119919586558073,-1.010975846071607,-1.0105004278990446,0,1.0175466959482709,1.047820828305123
-1.0146376705805222,-1.0133806429789232,-1.0131661293638283,-1.0140235619236577,-1.0175466959482709,0,1.078094960661975
-1.0252138855940978,-1.0263235065155336,-1.0293983371883648,-1.0353806948364301,-1.047820828305123,-1.078094960661975,0
