0,1.0223364306996976,1.0224790899574456,1.02271605599024,1.0236161745275318,1.0247836614044517,1.0253727911710813
-1.0223364306996976,0,1.0226217492151937,1.0229058686355113,1.0240427558034766,1.0253954690806402,1.025980063265358
-1.0224790899574456,-1.0226217492151937,0,1.0231899880558286,1.024753259097618,1.0263200423691223,1.026819641777899
-1.02271605599024,-1.0229058686355113,-1.0231899880558286,0,1.0263165301394075,1.027885069525769,1.0280295263519224
-1.0236161745275318,-1.0240427558034766,-1.024753259097618,-1.0263165301394075,0,1.0294536089121307,1.02888602445818
-1.0247836614044517,-1.0253954690806402,-1.0263200423691223,-1.027885069525769,-1.0294536089121307,0,1.0283184400042291
-1.0253727911710813,-1.025980063265358,-1.026819641777899,-1.0280295263519224,-1.02888602445818,-1.0283184400042291,0
