0,1.0217934755218283,1.0218075453648272,1.0220577562305866,1.022626275685229,1.0225413683576354,1.021665536818591
-1.0217934755218283,0,1.021821615207826,1.0221898965849656,1.0229038757396958,1.0227283415665873,1.0216399490779433
-1.0218075453648272,-1.021821615207826,0,1.0225581779621051,1.0234450060056306,1.0230305836861742,1.021594532545473
-1.0220577562305866,-1.0221898965849656,-1.0225581779621051,0,1.024331834049156,1.0232667865482088,1.0212733174065953
-1.022626275685229,-1.0229038757396958,-1.0234450060056306,-1.024331834049156,0,1.0222017390472615,1.019744059085315
-1.0225413683576354,-1.0227283415665873,-1.0230305836861742,-1.0232667865482088,-1.0222017390472615,0,1.0172863791233686
-1.021665536818591,-1.0216399490779433,-1.021594532545473,-1.0212733174065953,-1.019744059085315,-1.0172863791233686,0
