0,1.0223955537572975,1.0226251834995577,1.0222724555684535,1.0211267026739617,1.0184020853190587,1.01269904144392
-1.0223955537572975,0,1.0228548132418178,1.0222109064740317,1.0207037523128497,1.017403718209499,1.0107597389812448
-1.0226251834995577,-1.0228548132418178,0,1.0215669997062453,1.0196282218483657,1.0155866865320593,1.0077359704161015
-1.0222724555684535,-1.0222109064740317,-1.0215669997062453,0,1.017689443990486,1.0125965299449664,1.0031256273193867
-1.0211267026739617,-1.0207037523128497,-1.0196282218483657,-1.017689443990486,0,1.0075036158994468,0.9958437189838372
-1.0184020853190587,-1.017403718209499,-1.0155866865320593,-1.0125965299449664,-1.0075036158994468,0,0.9841838220682275
-1.01269904144392,-1.0107597389812448,-1.0077359704161015,-1.0031256273193867,-0.9958437189838372,-0.9841838220682275,0
