0,1.02283125624257,1.0227094376280697,1.0227847408556394,1.0224765501682063,1.021679222593011,1.021308488290126
-1.02283125624257,0,1.0225876190135692,1.0227614831621739,1.022358314810085,1.0213912141806212,1.0210039346996371
-1.0227094376280697,-1.0225876190135692,0,1.0229353473107787,1.0222436627083429,1.0209924125696386,1.0206080136211542
-1.0227847408556394,-1.0227614831621739,-1.0229353473107787,0,1.021551978105907,1.0200209451990685,1.0198322357246126
-1.0224765501682063,-1.022358314810085,-1.0222436627083429,-1.021551978105907,0,1.01848991229223,1.0189723645339654
-1.021679222593011,-1.0213912141806212,-1.0209924125696386,-1.0200209451990685,-1.01848991229223,0,1.019454816775701
-1.021308488290126,-1.0210039346996371,-1.0206080136211542,-1.0198322357246126,-1.0189723645339654,-1.019454816775701,0
