0,1.007175053586852,0.9964611873472835,0.9852936633404122,0.9792354373264491,0.9775773657674405,0.9608011960823292
-1.007175053586852,0,0.985747321107715,0.9743529682171923,0.9699222319063149,0.9701779438125876,0.9515264245814248
-0.9964611873472835,-0.985747321107715,0,0.9629586153266696,0.9620096873056148,0.9649881513808785,0.942971200449852
-0.9852936633404122,-0.9743529682171923,-0.9629586153266696,0,0.9610607592845599,0.9660029194079829,0.9363087288242462
-0.9792354373264491,-0.9699222319063149,-0.9620096873056148,-0.9610607592845599,0,0.9709450795314059,0.9239327135940893
-0.9775773657674405,-0.9701779438125876,-0.9649881513808785,-0.9660029194079829,-0.9709450795314059,0,0.8769203476567728
-0.9608011960823292,-0.9515264245814248,-0.942971200449852,-0.9363087288242462,-0.9239327135940893,-0.8769203476567728,0
