0,0.965141397873786,0.9709415343196994,0.9723021019361168,0.9664757674536483,0.9682460258471057,1.0121847560247488
-0.965141397873786,0,0.9767416707656128,0.9758824539672821,0.9669205573136024,0.9690221828404356,1.0215934276549412
-0.9709415343196994,-0.9767416707656128,0,0.9750232371689513,0.9620100005875971,0.9664490201987098,1.0328063668772733
-0.9723021019361168,-0.9758824539672821,-0.9750232371689513,0,0.9489967640062429,0.9621619117135891,1.0520674101133807
-0.9664757674536483,-0.9669205573136024,-0.9620100005875971,-0.9489967640062429,0,0.9753270594209353,1.1036027331669496
-0.9682460258471057,-0.9690221828404356,-0.9664490201987098,-0.9621619117135891,-0.9753270594209353,0,1.2318784069129638
-1.0121847560247488,-1.0215934276549412,-1.0328063668772733,-1.0520674101133807,-1.1036027331669496,-1.2318784069129638,0
