0,1.0908187374384448,1.0953239257432996,1.0854982072582366,1.0677656619564166,1.0385273804158581,0.9162907318741551
-1.0908187374384448,0,1.0998291140481544,1.0828379421681325,1.0600813034624073,1.0254545411602114,0.8813851307612971
-1.0953239257432996,-1.0998291140481544,0,1.0658467702881107,1.0402073981695337,1.0006630168642305,0.8267741349395828
-1.0854982072582366,-1.0828379421681325,-1.0658467702881107,0,1.0145680260509566,0.9680711401522903,0.7470832564900736
-1.0677656619564166,-1.0600813034624073,-1.0402073981695337,-1.0145680260509566,0,0.921574254253624,0.613340871709632
-1.0385273804158581,-1.0254545411602114,-1.0006630168642305,-0.9680711401522903,-0.921574254253624,0,0.30510748916564
-0.9162907318741551,-0.8813851307612971,-0.8267741349395828,-0.7470832564900736,-0.613340871709632,-0.30510748916564,0
