0,1.065235541344812,1.0737146021364303,1.0741875375753986,1.0561816583637498,0.9819409151035631,0.9608011960823292
-1.065235541344812,0,1.0821936629280486,1.078663535690692,1.0531636973700624,0.9611172585432508,0.9399143270298327
-1.0737146021364303,-1.0821936629280486,0,1.0751334084533353,1.0386487145910692,0.9207584570816515,0.9043444930552786
-1.0741875375753986,-1.078663535690692,-1.0751334084533353,0,1.0021640207288032,0.8435709813958097,0.8474148545892598
-1.0561816583637498,-1.0531636973700624,-1.0386487145910692,-1.0021640207288032,0,0.6849779420628161,0.7700402715194881
-0.9819409151035631,-0.9611172585432508,-0.9207584570816515,-0.8435709813958097,-0.6849779420628161,0,0.85510260097616
-0.9608011960823292,-0.9399143270298327,-0.9043444930552786,-0.8474148545892598,-0.7700402715194881,-0.85510260097616,0
