0,0.712816431129596,0.7125606050447802,0.7122206570344409,0.7120002487699776,0.71238590327637,0.7140674812396149
-0.712816431129596,0,0.7123047789599645,0.7119227699868633,0.7117281879834381,0.7122782713130634,0.7143176912616187
-0.7125606050447802,-0.7123047789599645,0,0.7115407610137623,0.7114398924951749,0.7122694354307632,0.7148209193370323
-0.7122206570344409,-0.7119227699868633,-0.7115407610137623,0,0.7113390239765875,0.7126337726392635,0.7159143054447891
-0.7120002487699776,-0.7117281879834381,-0.7114398924951749,-0.7113390239765875,0,0.7139285213019395,0.7182019461788898
-0.71238590327637,-0.7122782713130634,-0.7122694354307632,-0.7126337726392635,-0.7139285213019395,0,0.72247537105584
-0.7140674812396149,-0.7143176912616187,-0.7148209193370323,-0.7159143054447891,-0.7182019461788898,-0.72247537105584,0
