0,0.21047180566712587,0.21073832107249266,0.2110741680929439,0.2114634895134644,0.21190867121427517,0.21244470524691084
-0.21047180566712587,0,0.21100483647785945,0.21137534930585294,0.21179405079557723,0.2122678876010625,0.21283928516286785
-0.21073832107249266,-0.21100483647785945,0,0.21174586213384644,0.21218865795443612,0.21268890464213017,0.2132978973341199
-0.2110741680929439,-0.21137534930585294,-0.21174586213384644,0,0.2126314537750258,0.21316042589627204,0.21381524240087776
-0.2114634895134644,-0.21179405079557723,-0.21218865795443612,-0.2126314537750258,0,0.2136893980175183,0.21440713671380374
-0.21190867121427517,-0.2122678876010625,-0.21268890464213017,-0.21316042589627204,-0.2136893980175183,0,0.21512487541008918
-0.21244470524691084,-0.21283928516286785,-0.2132978973341199,-0.21381524240087776,-0.21440713671380374,-0.21512487541008918,0
