0,2.4085375875405077,2.4007040656433687,2.3951817907060504,2.3695207953966677,2.2418730244228846,3.240388665247391
-2.4085375875405077,0,2.3928705437462297,2.3885038922888215,2.3565151980153876,2.200206883643479,3.406758880788768
-2.4007040656433687,-2.3928705437462297,0,2.3841372408314134,2.3383375251499667,2.1359856636092287,3.6602309650494025
-2.3951817907060504,-2.3885038922888215,-2.3841372408314134,0,2.29253780946852,2.0119098749981363,4.0855955397887325
-2.3695207953966677,-2.3565151980153876,-2.3383375251499667,-2.29253780946852,0,1.7312819405277526,4.982124404948839
-2.2418730244228846,-2.200206883643479,-2.1359856636092287,-2.0119098749981363,-1.7312819405277526,0,8.232966869369925
-3.240388665247391,-3.406758880788768,-3.6602309650494025,-4.0855955397887325,-4.982124404948839,-8.232966869369925,0
