0,2.4128038396572085,2.4018730052793114,2.377875214892591,2.308259676948098,2.184402073078716,2.451347460536852
-2.4128038396572085,0,2.3909421709014143,2.3604109025102815,2.2734116227117283,2.1273016314340927,2.459056184712781
-2.4018730052793114,-2.3909421709014143,0,2.3298796341191492,2.214646348616885,2.039421451611652,2.4760846881656224
-2.377875214892591,-2.3604109025102815,-2.3298796341191492,0,2.0994130631146204,1.8941923603579034,2.5248197061811135
-2.308259676948098,-2.2734116227117283,-2.214646348616885,-2.0994130631146204,0,1.6889716576011864,2.73752302771436
-2.184402073078716,-2.1273016314340927,-2.039421451611652,-1.8941923603579034,-1.6889716576011864,0,3.7860743978275337
-2.451347460536852,-2.459056184712781,-2.4760846881656224,-2.5248197061811135,-2.73752302771436,-3.7860743978275337,0
