0,0.21076683111177236,0.21077952771585734,0.21078640979100652,0.2107760072691655,0.21073630547262817,0.2106564333515406
-0.21076683111177236,0,0.21079222431994232,0.2107961991306236,0.21077906598829657,0.21072867406284213,0.21063435379949427
-0.21077952771585734,-0.21079222431994232,0,0.2108001739413049,0.21077248682247368,0.2107074906438087,0.21059488616938224
-0.21078640979100652,-0.2107961991306236,-0.2108001739413049,0,0.21074479970364246,0.2106611489950606,0.2105264569120747
-0.2107760072691655,-0.21077906598829657,-0.21077248682247368,-0.21074479970364246,0,0.21057749828647876,0.2104172855162908
-0.21073630547262817,-0.21072867406284213,-0.2107074906438087,-0.2106611489950606,-0.21057749828647876,0,0.21025707274610284
-0.2106564333515406,-0.21063435379949427,-0.21059488616938224,-0.2105264569120747,-0.2104172855162908,-0.21025707274610284,0
